(0.003061225, 0.13923205) [48, 72]
(0.11855535, 0.25013435) [63]
(0.12043504999999999, 0.25201405) [55]
(0.23039749999999998, 0.36302074999999995) [62]
(0.23227719999999996, 0.36500487499999995) [53]
(0.34317949999999997, 0.4818348333333333) [63]
(0.345163625, 0.48379561666666665) [55]
(0.4632073916666667, 0.5996853125) [51]
(0.465168175, 0.6015721041666666) [60]
(0.579874, 0.7119494166666667) [55]
(0.5817607916666667, 0.7138362083333334) [63]
(0.6949682916666666, 0.8281143750000001) [62]
(0.6959116875, 0.8291064375) [53]
(0.8053456041666667, 0.9243444375000001) [63, 55]
(0.9283729375, 1.0683295708333334) [48, 72]
(1.0457818541666666, 1.1769437541666667) [55]
(1.0486666583333333, 1.1797527416666667) [63]
(1.1582171708333333, 1.2899954875000001) [53]
(1.1600898291666666, 1.2919410125000002) [62]
(1.2705766708333335, 1.4068719416666668) [63]
(1.2724857625000001, 1.4088327250000001) [55]
(1.386298975, 1.5220785625000002) [60]
(1.391185675, 1.52657496875) [51]
(1.503930716666667, 1.6299923125000002) [63, 55]
(1.6120066875, 1.7400116875000002) [53]
(1.6138052500000002, 1.7420442083333336) [62]
(1.7199204375000001, 1.841637729166667) [63]
(1.7227352604166668, 1.8446623125000001) [55]
(1.841637729166667, 1.9796988750000002) [68]
(1.8436702500000002, 1.981585666666667) [48]
(1.9607336250000003, 2.092906375) [56]
(1.9655479375000002, 2.0976233541666667) [65]
(2.074981854166667, 2.2076152375) [55]
(2.07592525, 2.208588) [64]
(2.1872459583333335, 2.3235807875) [65]
(2.1920510375, 2.3285020479166665) [56]
(2.303918725, 2.4408917999999997) [60]
(2.3048914875, 2.44183165) [53]
(2.422005995833333, 2.5536738) [65, 56]
(2.5348767999999997, 2.6673956249999997) [55]
(2.5367565, 2.6693797499999996) [64]
(2.6505305624999997, 2.769570252083333) [65]
(2.6525146874999996, 2.77153875625) [56]
(2.7666018749999997, 2.903806525) [48]
(2.769570252083333, 2.9066582375) [68]
(2.884727745833333, 3.017875025) [56]
(2.8876468208333335, 3.0207267375) [65]
(2.998863608333333, 3.13290555) [55]
(3.001715320833333, 3.1359176) [64]
(3.1129321083333332, 3.252622925) [65]
(3.1148332499999998, 3.254546) [56]
(3.2362767874999996, 3.3704365999999997) [60]
(3.2381998624999997, 3.3723162999999996) [53]
(3.3506997499999995, 3.4822787499999994) [65, 56]
(3.4634817499999997, 3.596425041666666) [64, 55]
(3.5743840499999995, 3.6952153708333326) [65]
(3.5792879437499994, 3.7001842562499996) [56]
(3.6982157520833328, 3.8349312937499995) [71]
(3.7001842562499996, 3.836796964583333) [48]
(3.816274585416666, 3.9468715437499995) [56]
(3.817207420833333, 3.947804379166666) [65]
(3.929147670833333, 4.060875795833333) [63]
(3.9300805062499995, 4.061860047916666) [55]
(4.0402065020833335, 4.1775247874999994) [65]
(4.041190754166666, 4.178486325) [56]
(4.156348247916666, 4.290507254166667) [62]
(4.1573325, 4.291443583333334) [53]
(4.2717554625, 4.402866754166666) [56]
(4.2755259875, 4.406612070833334) [65]
(4.383203841666667, 4.515014125) [55]
(4.3869491583333335, 4.518920375) [63]
(4.4984125625, 4.615611641666667) [56]
(4.5003656875, 4.6175879250000005) [65]
(4.6175879250000005, 4.754736070833334) [48, 71]
(4.733200500000001, 4.8642865833333335) [56]
(4.734136829166667, 4.8652229125) [65]
(4.8436873416666675, 4.975776625000001) [63]
(4.844623670833334, 4.976768687500001) [55]
(4.957919500000001, 5.096422250000001) [65]
(4.958911562500001, 5.097395012500001) [56]
(5.075974937500001, 5.211555650000001) [62, 53]
(5.195578200000001, 5.327157200000001) [56]
(5.196518050000001, 5.328097050000001) [65]
(5.305540650000001, 5.438415727083335) [63]
(5.309300050000001, 5.442447985416668) [55]
(5.419262500000001, 5.540230250000001) [56]
(5.421278629166668, 5.542322300000001) [65]
(5.543368325000001, 5.686970941666669) [48, 72]
(5.663661200000002, 5.7930594000000015) [51]
(5.668520775000002, 5.797671941666668) [67]
(5.779221775000002, 5.909616187500002) [65, 50]
(5.888131812500002, 6.025259100000002) [67, 51]
(6.004342750000002, 6.141721875000002) [63]
(6.006334783333335, 6.143507587500002) [55]
(6.122868733333335, 6.247851475000002) [67]
(6.124757606250002, 6.249624525000002) [51]
(6.229221787500002, 6.354968625000002) [50]
(6.230114643750002, 6.355945187500002) [65]
(6.336503975000002, 6.453601437500002) [51]
(6.340320187500002, 6.4575780000000025) [67]
(6.452624875000002, 6.591244650000003) [72]
(6.454578000000002, 6.593096500000002) [48]
(6.572578000000003, 6.702355650000002) [51]
(6.5745780000000025, 6.7042075000000025) [67]
(6.683837150000002, 6.815092687500003) [65]
(6.685689000000003, 6.817125208333336) [50]
(6.794948150000002, 6.936679550000004) [51]
(6.7988325208333364, 6.9406636166666695) [67]
(6.91671872916667, 7.055064287500003) [63]
(6.91974726666667, 7.057862793750004) [55]
(7.03628121666667, 7.166342550000003) [67]
(7.041071756250004, 7.17082284166667) [51]
(7.14834782916667, 7.276727837500003) [50]
(7.152901675000003, 7.28200209791667) [65]
(7.2568444416666695, 7.38326789791667) [67]
(7.2598502041666695, 7.386468670833337) [51]
(7.38326789791667, 7.531002520833337) [75]
(7.38539571041667, 7.532889312500004) [48]
(7.514021395833337, 7.646096812500003) [68]
(7.51496479166667, 7.647040208333337) [60]
(7.6281722916666705, 7.761760208333337) [67, 58]
(7.740505145833337, 7.881701475000004) [60]
(7.7425294375000036, 7.883677758333337) [68]
(7.862926783333338, 8.000126741666671) [63, 56]
(7.97755121666667, 8.108740925000005) [60]
(7.979527500000004, 8.110613583333338) [68]
(8.090950670833337, 8.22355544791667) [67]
(8.093759658333337, 8.22660422916667) [58]
(8.206279020833337, 8.327705825000004) [68, 60]
(8.32571379166667, 8.464103708333337) [75]
(8.327705825000004, 8.465990500000004) [48]
(8.443243758333336, 8.57542441666667) [60]
(8.44523579166667, 8.577311208333336) [68]
(8.56127347916667, 8.694288589583337) [67, 58]
(8.672635043750002, 8.81051201666667) [60]
(8.673619295833337, 8.811500158333336) [68]
(8.787792537500003, 8.92506667916667) [63]
(8.791737325000003, 8.92878415416667) [56]
(8.906361758333338, 9.036590929166671) [60]
(8.909267410416671, 9.03937903541667) [68]
(9.019862291666671, 9.151629458333339) [67]
(9.02079166041667, 9.152641604166671) [58]
(9.133410833333338, 9.254868333333338) [68]
(9.134422979166672, 9.255880479166672) [60]
(9.250819750000005, 9.396529816666671) [48]
(9.253856187500006, 9.39929734166667) [74]
(9.378856289583338, 9.508153325000004) [57]
(9.380847175000005, 9.509998341666671) [66]
(9.488780650000004, 9.61947182916667) [55]
(9.490625666666672, 9.621487958333336) [64]
(9.599481650000005, 9.740294416666671) [66]
(9.604350860416671, 9.74529441666667) [57]
(9.721286352083338, 9.859504577083337) [62]
(9.72329441666667, 9.86131617291667) [54]
(9.84129441666667, 9.96795443541667) [57]
(9.84229441666667, 9.968847291666671) [66]
(9.952775879166671, 10.07961729166667) [64]
(9.95366873541667, 10.08059385416667) [55]
(10.05813291666667, 10.17532041666667) [57]
(10.05910947916667, 10.17632041666667) [66]
(10.17732041666667, 10.312065983333337) [48]
(10.17832041666667, 10.312985100000002) [74]
(10.29088016666667, 10.419602633333335) [57]
(10.293683650000004, 10.422359983333337) [66]
(10.400301183333337, 10.52987526666667) [55]
(10.40213941666667, 10.531813250000003) [64]
(10.511514300000004, 10.647123258333336) [66, 57]
(10.629681408333335, 10.764082341666668) [62, 54]
(10.744991416666668, 10.87226425) [66]
(10.747718691666668, 10.874991525000002) [57]
(10.852264233333335, 10.98117341666667) [64, 55]
(10.96517341666667, 11.085265466666668) [66]
(10.966173416666669, 11.086311491666669) [57]
(11.083173416666668, 11.227011416666667) [46]
(11.084219441666669, 11.227927166666667) [74]
(11.206604366666667, 11.335069916666667) [67, 58]
(11.320417916666667, 11.450564783333334) [57]
(11.321333666666668, 11.4515688) [66]
(11.426644916666667, 11.566332916666669) [67]
(11.427560666666666, 11.567298166666669) [58]
(11.551854166666669, 11.685928100000002) [62, 55]
(11.666626650000003, 11.795302983333336) [67, 58]
(11.774163300000001, 11.904077206250001) [66]
(11.777839766666668, 11.908014214583336) [57]
(11.884457300000003, 12.002502414583335) [58]
(11.885376416666668, 12.003486666666669) [67]
(12.001518162500002, 12.13721826666667) [74]
(12.003486666666669, 12.139056500000002) [46]
(12.118721041666669, 12.24751226666667) [58]
(12.123431516666669, 12.252107850000002) [67]
(12.232806400000003, 12.362579983333335) [66, 57]
(12.339423933333336, 12.474983016666668) [67, 58]
(12.457541166666669, 12.591677291666668) [55]
(12.460448141666669, 12.594355860416668) [62]
(12.572851175000002, 12.697927185416667) [58]
(12.575605879166668, 12.700605754166668) [67]
(12.681855772916668, 12.809275022916669) [66]
(12.683641485416668, 12.811291152083335) [57]
(12.786319954166668, 12.907057287500002) [58]
(12.787212810416667, 12.908065352083335) [67]
(12.908065352083335, 13.046037685416668) [46, 72]
(13.028073416666668, 13.153180435416667) [55]
(13.030859129166668, 13.155859004166668) [64]
(13.135323310416668, 13.261769758333335) [53]
(13.136216166666667, 13.262738750000002) [62]
(13.241573204166668, 13.37728496666667) [64, 55]
(13.360618308333336, 13.496729341666668) [60, 52]
(13.479136766666668, 13.608766266666668) [64]
(13.480062691666669, 13.609692191666669) [55]
(13.588395916666668, 13.71903816666667) [62]
(13.591173691666668, 13.72196785416667) [53]
(13.698580991666669, 13.81571785416667) [64, 55]
(13.81765595416667, 13.95123949166667) [72]
(13.81861749166667, 13.952151900000002) [46]
(13.932991325000001, 14.06072849166667) [55]
(13.933903733333334, 14.061640900000002) [64]
(14.042480325000001, 14.171405741666668) [53]
(14.043392733333334, 14.172374733333335) [62]
(14.152994900000001, 14.288571416666668) [64]
(14.153963891666669, 14.289536666666669) [55]
(14.267335916666669, 14.401480916666669) [60, 52]
(14.38123541666667, 14.50953941666667) [64]
(14.38591316666667, 14.51411816666667) [55]
(14.49305591666667, 14.623026250000002) [62]
(14.49397166666667, 14.62403026666667) [53]
(14.60111441666667, 14.721419883333336) [55]
(14.60595796666667, 14.72666067291667) [64]
(14.721419883333336, 14.86934331666667) [72]
(14.724505502083337, 14.87211084166667) [44]
(14.853660675000004, 14.98281184166667) [65, 56]
(14.96343916666667, 15.093520000000003) [55]
(14.964361675000003, 15.094488991666669) [64]
(15.07414016666667, 15.209799000000004) [65]
(15.07704714166667, 15.212705975000002) [56]
(15.188481183333336, 15.32324226666667) [60]
(15.191388158333336, 15.32599961666667) [53]
(15.307617283333336, 15.436293616666669) [56]
(15.309455516666668, 15.438131850000001) [65]
(15.417911283333336, 15.548370516666669) [55]
(15.419749516666668, 15.550378550000001) [64]
(15.526367050000003, 15.646764150000001) [56]
(15.528290183333334, 15.648772183333335) [65]
(15.647768166666669, 15.786768666666669) [44, 72]
(15.768250166666668, 15.897879666666668) [65, 56]
(15.877509316666668, 16.00805029166667) [55]
(15.879361166666667, 16.01000341666667) [64]
(15.992425291666668, 16.12914404166667) [56]
(15.993401854166668, 16.13012060416667) [65]
(16.10668310416667, 16.241995181250005) [60, 53]
(16.22289404166667, 16.34939590416667) [56]
(16.22484716666667, 16.351200958333337) [65]
(16.332247889583336, 16.46100098541667) [64]
(16.33315041666667, 16.462029791666673) [55]
(16.442482472916673, 16.565988002083337) [56]
(16.444540085416673, 16.56814317291667) [65]
(16.56285280416667, 16.71076476666667) [44]
(16.563881610416672, 16.711683883333336) [70]
(16.693143081250003, 16.821977883333336) [50]
(16.696058900000004, 16.824735233333335) [65]
(16.802676433333335, 16.93225051666667) [48]
(16.805433783333335, 16.93515749166667) [63]
(16.913889550000004, 17.04935687916667) [65]
(16.915777658333337, 17.051279954166667) [50]
(17.031087666666668, 17.165198750000002) [53]
(17.03301074166667, 17.167071408333335) [62]
(17.147408495833336, 17.27849457916667) [50]
(17.14928115416667, 17.280367237500002) [65]
(17.25883166666667, 17.39064641666667) [63]
(17.260704325000003, 17.39259194166667) [48]
(17.37119116666667, 17.48792266666667) [50]
(17.372163929166668, 17.488895429166668) [65]
(17.48986819166667, 17.62533086666667) [44]
(17.490840954166668, 17.62627071666667) [70]
(17.60270864166667, 17.73435346666667) [65]
(17.60465416666667, 17.73623316666667) [50]
(17.72025571666667, 17.852418916666668) [63, 48]
(17.83118341666667, 17.966240454166666) [65, 50]
(17.944117666666667, 18.078223704166668) [62]
(17.945082916666667, 18.079156539583334) [53]
(18.062365502083335, 18.19296246041667) [65]
(18.064231172916667, 18.194828131250002) [50]
(18.172440081250002, 18.303724008333337) [63]
(18.176171422916667, 18.307599975000002) [48]
(18.28531316666667, 18.401592166666667) [50]
(18.288220141666667, 18.404756722916666) [65]
(18.40264701875, 18.547691160416665) [70]
(18.404756722916666, 18.549549897916666) [43]
(18.527119564583334, 18.657356672916666) [51]
(18.529103785416666, 18.659215410416664) [67]
(18.638769297916667, 18.769777604166666) [65]
(18.642486772916666, 18.773683854166666) [50]
(18.752199479166666, 18.888998641666667) [51]
(18.754152604166666, 18.890959425) [67]
(18.866457291666666, 19.00278605416667) [63]
(18.868410416666666, 19.004644791666667) [55]
(18.984096633333333, 19.11431030416667) [67]
(18.98698678541667, 19.117098410416666) [51]
(19.099440404166668, 19.23059029166667) [65, 50]
(19.207247179166668, 19.32434029166667) [51]
(19.20817654791667, 19.32531685416667) [67]
(19.32531685416667, 19.46203560416667) [43]
(19.32922310416667, 19.46583171666667) [70]
(19.44250435416667, 19.57485431666667) [67, 51]
(19.55699716666667, 19.689310416666668) [65, 50]
(19.667899466666668, 19.80427434166667) [67]
(19.672708854166668, 19.809082029166667) [51]
(19.78888974166667, 19.92302786666667) [63, 55]
(19.90423086666667, 20.035809866666668) [51]
(19.90517071666667, 20.03674971666667) [67]
(20.01701286666667, 20.150003533333333) [65]
(20.01795271666667, 20.151007550000003) [50]
(20.127915166666668, 20.248397166666667) [51]
(20.128919183333334, 20.249474752083334) [67]
(20.248397166666667, 20.396294791666666) [48]
(20.2505523375, 20.398153529166667) [68]
(20.37662983125, 20.506889672916667) [67]
(20.380495522916668, 20.510607147916666) [51]
(20.487372929166668, 20.618402966666668) [65]
(20.48830229791667, 20.619383358333334) [50]
(20.598897179166666, 20.736049966666666) [67]
(20.600755916666667, 20.73801075) [51]
(20.716442133333334, 20.852967216666666) [63]
(20.719383308333335, 20.855786766666668) [56]
(20.836049916666667, 20.967628916666666) [51]
(20.837929616666667, 20.969508616666666) [67]
(20.950711616666666, 21.083182533333332) [50]
(20.951651466666668, 21.084162924999998) [65]
(21.060674066666667, 21.178280524999998) [67]
(21.0635747, 21.181229420833333) [51]
(21.177300133333333, 21.31448144166667) [68]
(21.181229420833333, 21.318283725) [48]
(21.2983217375, 21.431401654166667) [67]
(21.299272308333336, 21.432352225000002) [51]
(21.409538525000002, 21.54308629166667) [65, 50]
(21.523607025, 21.66000334166667) [67]
(21.524557595833336, 21.66096487916667) [51]
(21.64171910416667, 21.77516651041667) [56]
(21.64269566666667, 21.77606579166667) [63]
(21.75987872916667, 21.88577810416667) [67, 51]
(21.86779247916667, 21.99654140416667) [65]
(21.86869176041667, 21.99757021041667) [50]
(21.97390766666667, 22.097196458333336) [51]
(21.97493647291667, 22.098260287500004) [67]
(22.09515564166667, 22.241219608333335) [68]
(22.098260287500004, 22.243946883333336) [50]
(22.222728300000004, 22.350310608333338) [53]
(22.224855958333336, 22.35212879166667) [62]
(22.33303786666667, 22.461520445833333) [60]
(22.336674233333337, 22.465411495833333) [51]
(22.44212886666667, 22.578180300000003) [53]
(22.444983483333335, 22.581087275) [62]
(22.558796695833333, 22.693447708333334) [58]
(22.560738450000002, 22.695279208333332) [56]
(22.676048458333334, 22.804253458333335) [62]
(22.676964208333334, 22.805169208333332) [53]
(22.785022708333333, 22.914239300000002) [60]
(22.785938458333334, 22.915208291666666) [51]
(22.89679745, 23.013087849999998) [62]
(22.89776644166667, 23.014068241666667) [53]
(23.010169475, 23.146608383333334) [50]
(23.013087849999998, 23.149417370833334) [68]
(23.127793675, 23.258967883333334) [53]
(23.1306907875, 23.261776870833334) [62]
(23.2402413, 23.371983183333334) [60, 51]
(23.3526008, 23.488783083333335) [53]
(23.355446220833333, 23.491712770833335) [62]
(23.471204958333335, 23.606842625000002) [56]
(23.474134645833335, 23.60961015) [58]
(23.587415895833335, 23.71662111666667) [53]
(23.590237475000002, 23.71938864166667) [62]
(23.700938475, 23.832428195833337) [51]
(23.701860983333333, 23.833457002083335) [60]
(23.80794944166667, 23.931193595833335) [53]
(23.80887195, 23.932222402083337) [62]
(23.933251208333335, 24.080456625000004) [51, 67]
(24.0598605375, 24.189312608333335) [55]
(24.06093349791667, 24.19023511666667) [58]
(24.174552475000002, 24.30558587916667) [53]
(24.175474983333334, 24.306593943750006) [56]
(24.283408458333337, 24.423984041666667) [58]
(24.285424587500003, 24.425944825000002) [55]
(24.403368143750004, 24.539486425000003) [56]
(24.407317383333336, 24.54316289166667) [63]
(24.520062425000003, 24.648861308333338) [58]
(24.52386144166667, 24.652537775000003) [55]
(24.633236325000002, 24.763444520833335) [56, 53]
(24.740772975000002, 24.859674583333337) [58]
(24.743603270833336, 24.862646850000004) [55]
(24.861658708333337, 24.99841754166667) [67]
(24.862646850000004, 24.999326633333336) [51]
(24.978259425000005, 25.105690358333334) [55]
(24.982962983333337, 25.11023581666667) [58]
(25.087508525, 25.216064758333335) [56]
(25.090235800000002, 25.219005933333335) [53]
(25.196599525000003, 25.333921833333335) [55]
(25.201358883333334, 25.338882145833335) [58]
(25.315084316666667, 25.452384950000003) [63]
(25.319040895833336, 25.45602131666667) [56]
(25.434120145833337, 25.561475950000002) [58]
(25.435112208333337, 25.56238504166667) [55]
(25.54602139166667, 25.67547162916667) [56]
(25.546930483333337, 25.676479693750004) [53]
(25.653294208333335, 25.774261958333334) [58]
(25.6553103375, 25.7764264625) [55]
(25.773253893750002, 25.9210361125) [65]
(25.775344210416666, 25.922815470833335) [51]
(25.9050218875, 26.029576970833332) [60]
(25.905911566666667, 26.03046665) [57]
(26.0117833875, 26.13808322083333) [58]
(26.012673066666668, 26.139055983333332) [55]
(26.117655208333332, 26.232441183333332) [57]
(26.117655208333332, 26.25369170833333) [60]
(26.234386708333332, 26.36901370833333) [53, 57]
(26.34828620833333, 26.36901370833333) [57]
(26.351156558333333, 26.48273555833333) [60]
(26.463938558333332, 26.59628852083333) [58]
(26.46487840833333, 26.59726508333333) [55]
(26.57484085833333, 26.69199164583333) [57]
(26.57871039583333, 26.69589789583333) [60]
(26.69101508333333, 26.82688434583333) [51]
(26.69492133333333, 26.83060182083333) [65]
(26.80917914583333, 26.93933796458333) [57]
(26.81108507708333, 26.941196702083328) [60]
(26.92353869583333, 27.05443970833333) [58, 55]
(27.03227483958333, 27.14613845833333) [57]
(27.03416945833333, 27.16930445833333) [60]
(27.14806895833333, 27.282588081249997) [53]
(27.14903420833333, 27.283520916666667) [57]
(27.263898958333332, 27.394528331249997) [60]
(27.264864208333332, 27.283520916666667) [57]
(27.3749387875, 27.507494708333333) [55]
(27.378670129166665, 27.511661375) [58]
(27.488744708333332, 27.613744708333332) [57]
(27.489786374999998, 27.614865785416665) [60]
(27.614865785416665, 27.76750470833333) [50]
(27.61710793958333, 27.769336208333332) [65]
(27.74715288125, 27.875563208333332) [62]
(27.749189708333333, 27.87739470833333) [53]
(27.85724820833333, 27.98653644583333) [60]
(27.859995458333334, 27.989454733333332) [51]
(27.968053958333332, 28.104165291666664) [53]
(27.96902672083333, 28.10513428333333) [62]
(28.084785458333332, 28.219791041666664) [56]
(28.086723441666667, 28.221663699999997) [59]
(28.202000787499998, 28.33308687083333) [62]
(28.20387344583333, 28.334959529166664) [53]
(28.31342395833333, 28.446359583333333) [60]
(28.31623294583333, 28.44944600208333) [51]
(28.42578345833333, 28.54924020833333) [62]
(28.426812264583333, 28.550269014583332) [53]
(28.54718259583333, 28.689363608333334) [65]
(28.552326627083332, 28.693993233333334) [50]
(28.670639345833333, 28.80047460833333) [53]
(28.674548808333334, 28.804178308333334) [62]
(28.784733883333335, 28.91526778333333) [60, 51]
(28.89588795, 29.03146820833333) [62]
(28.89782593333333, 29.03339870833333) [53]
(29.01119795833333, 29.14501358333333) [56]
(29.01312845833333, 29.14681214583333) [59]
(29.12606270833333, 29.25202805208333) [53]
(29.12882652083333, 29.254725895833328) [62]
(29.233143145833328, 29.361450508333327) [60]
(29.234042427083327, 29.36248356666666) [51]
(29.34105689583333, 29.46475634166666) [53]
(29.343888516666663, 29.46790941458333) [62]
(29.46790941458333, 29.616629883333328) [48]
(29.47008332708333, 29.618474899999995) [65]
(29.59725720833333, 29.726408374999995) [53]
(29.600024733333328, 29.729175899999994) [62]
(29.706113191666663, 29.83610105833333) [52]
(29.708880716666663, 29.83900803333333) [60]
(29.816814191666662, 29.95238005833333) [53]
(29.820597191666664, 29.956256024999995) [62]
(29.933000224999997, 30.067945845833332) [59]
(29.934938208333328, 30.06980458333333) [56]
(30.05307594583333, 30.18318757083333) [62]
(30.054005314583332, 30.18411693958333) [53]
(30.16552956458333, 30.296992966666664) [60, 52]
(30.27333633958333, 30.391854566666666) [62]
(30.27426570833333, 30.39284270833333) [53]
(30.39381927083333, 30.52976705833333) [65]
(30.39479583333333, 30.53070690833333) [48]
(30.50905364583333, 30.64066935833333) [62]
(30.51097005833333, 30.64254905833333) [53]
(30.62187235833333, 30.754294997916663) [60]
(30.62469190833333, 30.757247754166663) [52]
(30.73371450833333, 30.87135150833333) [62]
(30.73854696458333, 30.87625346666666) [53]
(30.854684849999995, 30.99108830833333) [56]
(30.85664563333333, 30.99296800833333) [59]
(30.972291308333332, 31.10387030833333) [53]
(30.974171008333332, 31.10575000833333) [62]
(31.08225375833333, 31.215282808333328) [52]
(31.08601315833333, 31.219364441666663) [60]
(31.19503575833333, 31.31732364166666) [62]
(31.198956274999997, 31.321528962499997) [53]
(31.318344049999997, 31.46663395833333) [63]
(31.31936445833333, 31.46754970833333) [48]
(31.44707020416666, 31.57560820833333) [60]
(31.45015045833333, 31.578355458333327) [51]
(31.557293208333327, 31.68632238333333) [59]
(31.56004045833333, 31.689206995833327) [50]
(31.66997624583333, 31.80506850208333) [60, 51]
(31.786367712499995, 31.922730024999996) [55, 53]
(31.903428574999996, 32.03210490833333) [60]
(31.904347691666665, 32.033024024999996) [51]
(32.01280345833333, 32.143422666666666) [59, 50]
(32.121259224999996, 32.2430161875) [51]
(32.12309745833333, 32.245048708333336) [60]
(32.244032447916666, 32.38483346666667) [46, 63]
(32.36749770833334, 32.49523487500001) [60, 51]
(32.47607430000001, 32.60481545833334) [50]
(32.47789911666667, 32.60674595833334) [59]
(32.58465089166667, 32.71968020833334) [60]
(32.58840620833334, 32.72354120833334) [51]
(32.70134045833334, 32.835859581250006) [55]
(32.70230570833334, 32.83679241666667) [53]
(32.82000137916667, 32.950598337500004) [60]
(32.82093421458334, 32.95153117291667) [51]
(32.9282102875, 33.06030889583334) [50]
(32.92914312291667, 33.06132515625001) [59]
(33.04404872916667, 33.166095116666675) [60, 51]
(33.16503128750001, 33.310243983333336) [44]
(33.167158945833336, 33.31201703333334) [53]
(33.29428653333334, 33.41840003333334) [63, 48]
(33.39712343333334, 33.52445313333334) [47]
(33.39978300833334, 33.52736010833334) [62]
(33.50507330000001, 33.64109598333334) [63]
(33.50701128333334, 33.64307226666667) [48]
(33.625285716666674, 33.76211598333334) [65, 50]
(33.73892200833334, 33.86820444166668) [63]
(33.74274330833334, 33.871894475000005) [48]
(33.84975427500001, 33.98001682916667) [62]
(33.854366816666676, 33.98493808958334) [47]
(33.96137778333334, 34.07942628958334) [48]
(33.96426879583334, 34.08237904583334) [63]
(34.08139479375001, 34.21803753541668) [53]
(34.08336329791667, 34.21989627291667) [44]
(34.199450160416674, 34.32956178541667) [63]
(34.200379529166675, 34.33049115416667) [48]
(34.31283314791667, 34.44403022916667) [62, 47]
(34.41971055416668, 34.55633491666667) [63]
(34.42449897916667, 34.56121772916667) [48]
(34.54168647916667, 34.677399506250005) [65, 50]
(34.65687712708334, 34.78747408541667) [63, 48]
(34.766951706250005, 34.899291993750005) [62, 47]
(34.87795912083334, 35.000726362500004) [63]
(34.88084938125, 35.00386724375001) [48]
(35.001750952083334, 35.15092780625) [45]
(35.00386724375001, 35.15273286041667) [54]
(35.13268808958334, 35.25923105625) [60, 51]
(35.241180514583334, 35.36977405) [59]
(35.243888095833334, 35.372835275) [50]
(35.35242710833333, 35.49466066666667) [51]
(35.35344751666667, 35.49565272916667) [60]
(35.47181488333333, 35.60928204166667) [48]
(35.47382735416667, 35.61111354166667) [63]
(35.59279854166667, 35.72100354166667) [60]
(35.59371429166667, 35.72191929166667) [51]
(35.69994129166667, 35.83003014166667) [59]
(35.70177279166667, 35.83207095833334) [50]
(35.80983129166667, 35.932070975) [51]
(35.81166279166667, 35.93411179166667) [60]
(35.93411179166667, 36.07437804166668) [54]
(35.936144312500005, 36.07620954166668) [45]
(36.056063041666675, 36.18426804166668) [60]
(36.058810291666674, 36.187015291666675) [51]
(36.164121541666674, 36.29335276666667) [50]
(36.16778454166668, 36.29724381666667) [59]
(36.27492729166668, 36.41105702916668) [51]
(36.276815804166674, 36.413002554166674) [60]
(36.392574541666676, 36.52742200000001) [63]
(36.393547304166674, 36.528327797916674) [48]
(36.509306041666676, 36.63611775000001) [51]
(36.51111763750001, 36.63792934583334) [60]
(36.618907589583344, 36.74830247291668) [59]
(36.61981338750001, 36.749331279166675) [50]
(36.72579174375001, 36.84912548541667) [51]
(36.72772634791667, 36.85122266875001) [60]
(36.850154291666676, 36.996809708333345) [63]
(36.85229104583334, 36.99865472500001) [43]
(36.97622278750001, 37.10566569166668) [60]
(36.98112706666668, 37.11027823333335) [51]
(37.08721552500001, 37.217339666666675) [50]
(37.09090555833335, 37.221245916666675) [59]
(37.19791652500001, 37.334665579166675) [60]
(37.200738104166675, 37.33761833541667) [51]
(37.31793329375001, 37.454431966666675) [55]
(37.318917545833344, 37.45535447500001) [53]
(37.43407503958334, 37.56328795000001) [51]
(37.43782681666668, 37.566977983333345) [60]
(37.54391527500001, 37.67417782916667) [50]
(37.545760291666674, 37.67614633333334) [59]
(37.65553878333334, 37.77358728958334) [51]
(37.65842979583334, 37.77654782500001) [60]
(37.774571541666674, 37.91173591666668) [63]
(37.77654782500001, 37.91359465416667) [43]
(37.893148541666676, 38.023260166666674) [60]
(37.89593664791668, 38.026048272916675) [51]
(38.00560216041668, 38.13670485416667) [50]
(38.00653152916668, 38.13768141666667) [59]
(38.11619704166667, 38.253304875000005) [51]
(38.11717360416667, 38.254300891666674) [60]
(38.23338454166667, 38.37149391666668) [55]
(38.235376575000004, 38.37335265416667) [53]
(38.35191052500001, 38.482088797916674) [51]
(38.35569464791668, 38.485806272916676) [60]
(38.46536016041668, 38.597383616666676) [59, 50]
(38.575025672916674, 38.69738363333334) [60, 51]
(38.69738363333334, 38.84468695000001) [43]
(38.69840404166668, 38.84560945833334) [66]
(38.82501337083335, 38.95446544166668) [60]
(38.82992681666668, 38.959077983333344) [51]
(38.93693778333334, 39.06711597916667) [50]
(38.939705308333345, 39.07004566666667) [59]
(39.04671627500001, 39.18332691666667) [51]
(39.05149097916667, 39.18820972916667) [60]
(39.16672535416667, 39.302599204166675) [57]
(39.16770191666667, 39.30353553333334) [48]
(39.28098316666667, 39.412149716666676) [60, 51]
(39.393423133333336, 39.52594797916667) [50]
(39.394359462500006, 39.52696423958334) [59]
(39.50578263333334, 39.627574020833336) [60, 51]
(39.629606541666675, 39.76484458333334) [43]
(39.630583104166675, 39.765747110416676) [66]
(39.744840916666675, 39.871342779166675) [60]
(39.74769656875001, 39.874050360416675) [51]
(39.855097291666674, 39.98285579166667) [50]
(39.857804872916674, 39.985774079166674) [59]
(39.96340054166667, 40.09958729166667) [51]
(39.966318829166674, 40.102505579166674) [60]
(40.08013204166667, 40.215450916666676) [48]
(40.08110480416667, 40.216380285416676) [57]
(40.19491801666667, 40.32511642916667) [51]
(40.198722279166674, 40.32883390416667) [60]
(40.309317160416676, 40.44125351041667) [50]
(40.31117589791667, 40.443286031250004) [59]
(40.418053304166676, 40.53983077083333) [60]
(40.4219445625, 40.54399095000001) [51]
(40.53983077083333, 40.685709854166674) [67]
(40.54186329166667, 40.687508416666674) [43]
(40.67042207291667, 40.796321447916675) [51]
(40.67132135416667, 40.797220729166675) [60]
(40.778335822916674, 40.905778304166674) [59]
(40.78013438541667, 40.90772382916668) [50]
(40.884451010416676, 41.02056427916668) [60]
(40.886323054166674, 41.022509804166674) [51]
(41.00013626666667, 41.13511765416668) [62]
(41.003054554166674, 41.137835047916674) [53]
(41.11686776666667, 41.24381340416667) [51]
(41.11784052916668, 41.244719202083346) [60]
(41.22750904166668, 41.35669658333334) [50]
(41.228414839583344, 41.357721172916676) [59]
(41.33529899375001, 41.45805150833334) [51]
(41.336204791666674, 41.45907191666668) [60]
(41.45805150833334, 41.597312408333345) [67]
(41.45907191666668, 41.598221500000015) [43]
(41.58003966666668, 41.707312500000015) [60]
(41.58276694166668, 41.71003977500001) [51]
(41.68913066666668, 41.818382958333345) [50]
(41.69003975833335, 41.819391022916676) [59]
(41.79640348333334, 41.93663126666667) [51]
(41.80023779583335, 41.94050723333334) [60]
(41.92015840833334, 42.05498516041668) [53]
(41.92112740000001, 42.05591452916667) [62]
(42.036397785416675, 42.16650941041667) [60]
(42.037327154166675, 42.16743877916667) [51]
(42.14792203541668, 42.279771979166675) [59]
(42.14885140416668, 42.280784125000004) [50]
(42.260541208333336, 42.381950700000004) [60]
(42.26155335416667, 42.38293884166667) [51]
(42.38293884166667, 42.51923488541667) [43, 68]
(42.49657513333334, 42.62265222916667) [60]
(42.497563275000005, 42.623551510416675) [51]
(42.60736444791667, 42.734727741666674) [59]
(42.60916301041667, 42.73666572500001) [50]
(42.714378916666675, 42.850578250000005) [60]
(42.71534790833334, 42.851574266666674) [51]
(42.829688925000006, 42.96783792291668) [62]
(42.832649950000004, 42.970626029166674) [53]
(42.94818788333334, 43.078432804166674) [60]
(42.95203865416668, 43.082150279166676) [51]
(43.06356290416668, 43.19462919166667) [50]
(43.064492272916674, 43.195601954166676) [59]
(43.17136967916668, 43.28801439166667) [60]
(43.176146704166676, 43.29290109166667) [51]
(43.289959916666675, 43.42598925000001) [68]
(43.29290109166667, 43.428746600000004) [43]
(43.40852603333334, 43.53720236666667) [60]
(43.410364266666676, 43.53904060000001) [51]
(43.5169818, 43.64689570625001) [59]
(43.51882003333334, 43.64886421041667) [50]
(43.62819491666667, 43.766068000000004) [51]
(43.62917916875001, 43.76705614166667) [60]
(43.744336662500004, 43.88154881666667) [53]
(43.74532091458334, 43.88247474166668) [62]
(43.86389402500001, 43.99358574166668) [60]
(43.864882166666675, 43.994511666666675) [51]
(43.974141316666675, 44.10539685416668) [59]
(43.97784501666668, 44.10946189583334) [50]
(44.08710416666668, 44.20905541666668) [51]
(44.08913668750001, 44.21124840000001) [60]
(44.20905541666668, 44.361295583333344) [43]
(44.34063441666668, 44.483906416666684) [47]
(44.46460141666668, 44.59958850000002) [50]
(44.580431416666684, 44.714531000000015) [53]
(44.69537391666668, 44.82947350000002) [56]
(44.81031641666669, 44.94441600000002) [53]
(44.925258916666685, 45.059358500000016) [52]
(45.04020141666668, 45.174301000000014) [53]
(45.15514391666668, 45.28924350000002) [59]
(45.270086416666686, 45.404560166666684) [53]
(45.385028916666684, 45.521747666666684) [62]
(45.502216416666684, 45.638935166666684) [59]
(45.619403916666684, 45.756122666666684) [56]
(45.736591416666684, 45.873310166666684) [53]
(45.853778916666684, 45.990497666666684) [52]
(45.970966416666684, 46.088153916666684) [53]
(46.088153916666684, 46.232796458333354) [43]
(46.212635166666686, 46.35321075000002) [48]
(46.333602916666685, 46.470407000000016) [51]
(46.45124991666668, 46.585349500000014) [55]
(46.56619241666668, 46.70029200000002) [60]
(46.681134916666686, 46.81523450000002) [55]
(46.796077416666684, 46.930177000000015) [54]
(46.91101991666668, 47.04511950000001) [55]
(47.02596241666668, 47.16006200000002) [63]
(47.140904916666685, 47.27530266666668) [60]
(47.25584741666668, 47.39203416666668) [67]
(47.37257891666668, 47.50876566666668) [63]
(47.48931041666668, 47.62549716666668) [60]
(47.60604191666668, 47.74222866666668) [56]
(47.72277341666668, 47.858960166666684) [55]
(47.839504916666684, 47.956236416666684) [56]
(47.956236416666684, 48.09513404166668) [43]
(48.07552620833335, 48.21112008333335) [45]
(48.192036125000016, 48.325623833333346) [54]
(48.30653987500001, 48.44012758333335) [60]
(48.42104362500002, 48.55463133333335) [63]
(48.535547375000014, 48.66913508333335) [60]
(48.65005112500002, 48.78363883333335) [59]
(48.764554875000016, 48.898142583333346) [60]
(48.87905862500001, 49.01264633333335) [66]
(48.99356237500002, 49.12715008333335) [60]
(49.108066125000015, 49.24165383333335) [69]
(49.22256987500002, 49.35615758333335) [66]
(49.337073625000016, 49.47066133333335) [63]
(49.451577375000014, 49.58516508333335) [60]
(49.56608112500002, 49.69966883333335) [59]
(49.680584875000015, 49.79508862500001) [60]
(49.79508862500001, 51.424914375000014) [43]
(49.892491125000014, 50.00612737500001) [74]
(49.989893625000015, 50.103529875000014) [72]
(50.087296125000016, 50.200521416666675) [74]
(50.18469862500001, 50.29545816666668) [75]
(50.27963537500001, 50.39039491666668) [72]
(50.37457212500001, 50.485331666666674) [71]
(50.46950887500001, 50.58026841666668) [72]
(50.56444562500001, 50.67520516666668) [69]
(50.65938237500001, 50.770141916666674) [72]
(50.75431912500001, 50.865078666666676) [71]
(50.84925587500001, 50.95976895833335) [72]
(50.944192625000014, 51.05322695833335) [74]
(51.03765062500001, 51.146684958333346) [71]
(51.13110862500001, 51.24112291666668) [69]
(51.224566625000016, 51.32390437500001) [71]
(51.32390437500001, 51.44073716666668) [67]
(51.424914375000014, 51.53567391666668) [62, 71]
(51.51985112500002, 51.63061066666668) [69, 60]
(51.61478787500001, 51.72525258333335) [71, 62]
(51.709724625000014, 51.81842033333335) [72, 63]
(51.80289237500001, 51.91158808333335) [69, 60]
(51.89606012500001, 52.00475583333335) [67, 59]
(51.98922787500001, 52.08514166666668) [69, 60]
(52.08514166666668, 52.195901208333346) [57, 66]
(52.18007841666668, 52.29083795833335) [69, 60]
(52.27501516666668, 52.385774708333344) [67, 59]
(52.36995191666668, 52.48046500000002) [69, 60]
(52.46488866666668, 52.573923000000015) [71, 62]
(52.55834666666668, 52.66738100000001) [67, 59]
(52.65180466666668, 52.76192933333335) [66, 57]
(52.74526266666668, 52.845262666666684) [67, 59]
(52.845262666666684, 52.964841791666686) [55, 62]
(52.94906891666668, 53.059479041666684) [79, 59]
(53.04370616666668, 53.15411629166668) [77, 57]
(53.138343416666686, 53.24855700000002) [79, 59]
(53.232980666666684, 53.34201500000002) [80, 60]
(53.32643866666668, 53.435473000000016) [77, 56]
(53.41989666666668, 53.52948370833335) [75, 55]
(53.513354666666686, 53.61012891666669) [77, 56]
(53.61012891666669, 53.72053904166669) [53, 74]
(53.70476616666669, 53.81517629166669) [77, 57]
(53.79940341666669, 53.909813541666686) [75, 55]
(53.89404066666669, 54.00430291666669) [77, 57]
(53.98867791666669, 54.09805291666669) [79, 59]
(54.08242791666669, 54.19180291666669) [75, 55]
(54.17617791666669, 54.286484208333356) [74, 53]
(54.26992791666669, 54.369265666666685) [75, 55]
(54.369265666666685, 54.48498891666669) [51, 72]
(54.469265666666686, 54.579328416666684) [75, 67]
(54.56360516666668, 54.67366791666669) [74, 65]
(54.65794466666669, 54.76786050000002) [75, 67]
(54.75228416666668, 54.86131850000002) [77, 68]
(54.84574216666668, 54.954776500000015) [74, 65]
(54.93920016666668, 55.04878720833335) [72, 63]
(55.032658166666685, 55.12943241666669) [74, 65]
(55.12943241666669, 55.23984254166669) [62, 71]
(55.224069666666686, 55.33447979166669) [74, 65]
(55.31870691666669, 55.429117041666686) [72, 63]
(55.41334416666669, 55.52355775000002) [74, 65]
(55.50798141666669, 55.61701575000002) [75, 67]
(55.601439416666686, 55.71047375000002) [72, 63]
(55.694897416666684, 55.805022083333355) [71, 62]
(55.78835541666669, 55.88835541666669) [72, 63]
(55.88835541666669, 56.00607604166669) [60, 67]
(55.99005041666669, 56.10222979166669) [72, 63]
(56.08620416666669, 56.19838354166669) [71, 62]
(56.18235791666669, 56.29443525000002) [72, 63]
(56.27851166666669, 56.389976750000024) [68, 65]
(56.37405316666669, 56.48551825000002) [77, 62]
(56.46959466666669, 56.58136991666669) [75, 60]
(56.56513616666669, 56.66253866666669) [77, 62]
(56.66253866666669, 56.77471804166669) [63, 67]
(56.75869241666669, 56.870871791666694) [75, 60]
(56.85484616666669, 56.96702554166669) [74, 59]
(56.95099991666669, 57.06307725000002) [75, 60]
(57.04715366666669, 57.158618750000024) [65, 62]
(57.14269516666669, 57.25416025000002) [74, 59]
(57.23823666666669, 57.35011804166669) [72, 57]
(57.33377816666669, 57.43181741666669) [74, 59]
(57.43181741666669, 57.54619654166669) [60, 63]
(57.52985666666669, 57.54619654166669) [63]
(57.52985666666669, 57.64423579166669) [72]
(57.62789591666669, 57.74227504166669) [71, 62]
(57.72593516666669, 57.84031429166669) [72, 63]
(57.82397441666669, 57.93835354166669) [68, 53]
(57.92201366666669, 58.03639279166669) [65, 62]
(58.02005291666669, 58.13443204166669) [63, 60]
(58.11809216666669, 58.21613141666669) [65, 62]
(58.21613141666669, 58.33723870833336) [51, 67]
(58.31993766666669, 58.44104495833336) [63, 60]
(58.423743916666695, 58.544851208333355) [62, 59]
(58.52755016666669, 58.64980658333336) [63, 60]
(58.63135641666669, 58.76050758333336) [65, 50]
(58.74205741666669, 58.871208583333356) [62, 59]
(58.85275841666669, 58.981909583333355) [60, 57]
(58.963459416666694, 59.07416041666669) [62, 59]
(59.07416041666669, 61.041373416666694) [48]
(59.13563582291669, 61.041373416666694) [55]
(59.197111229166694, 61.041373416666694) [58]
(59.25858663541669, 60.54957016666669) [60]
(59.320062041666695, 60.303668541666696) [64]
(60.303668541666696, 60.54957016666669) [60]
(60.54957016666669, 60.79547179166669) [62]
(60.79547179166669, 61.041373416666694) [64]
(61.041373416666694, 61.164324229166695) [65]
(61.164324229166695, 61.287275041666696) [67]
(61.287275041666696, 61.4102258541667) [68]
(61.4102258541667, 61.53317666666669) [70]
(61.53317666666669, 61.65612747916669) [72]
(61.65612747916669, 61.77907829166669) [70]
(61.77907829166669, 61.902029104166694) [68]
(61.902029104166694, 62.024979916666695) [67]
(62.024979916666695, 62.51678316666669) [65]
(62.51678316666669, 62.76268479166669) [67]
(62.76268479166669, 63.008586416666695) [64]
(63.008586416666695, 64.97579941666669) [48]
(63.07006182291669, 64.97579941666669) [53]
(63.131537229166696, 64.97579941666669) [56]
(63.19301263541669, 64.97579941666669) [60]
(63.25448804166669, 63.33645525000003) [65]
(63.33645525000003, 63.41842245833336) [64]
(63.41842245833336, 64.2380945416667) [65]
(64.2380945416667, 64.4839961666667) [67]
(64.4839961666667, 64.72989779166669) [65]
(64.72989779166669, 64.97579941666669) [64]
(64.97579941666669, 65.22170104166669) [65]
(65.22170104166669, 65.46760266666669) [67]
(65.46760266666669, 65.7135042916667) [68]
(65.7135042916667, 65.9594059166667) [67]
(65.9594059166667, 66.08235672916669) [65]
(66.08235672916669, 66.2053075416667) [63]
(66.2053075416667, 66.32825835416669) [62]
(66.32825835416669, 66.4512091666667) [63]
(66.4512091666667, 66.5741599791667) [65]
(66.5741599791667, 66.69711079166669) [62]
(66.69711079166669, 66.8200616041667) [63]
(66.8200616041667, 66.94301241666669) [65]
(66.94301241666669, 67.2852179166667) [59]
(67.05708091666669, 67.19016083333335) [36]
(67.1711494166667, 68.67937066666668) [47]
(67.2852179166667, 67.41708000000001) [50]
(67.39928641666668, 67.52384150000002) [53]
(67.50604791666669, 67.63060300000002) [56]
(67.61280941666668, 67.73736450000001) [55]
(67.71957091666668, 67.84412600000002) [53]
(67.82633241666669, 67.95088750000002) [59]
(67.93309391666668, 68.05764900000001) [53]
(68.03985541666668, 68.16441050000002) [62]
(68.14661691666669, 68.27098404166668) [53]
(68.25337841666668, 68.37661779166667) [59]
(68.35901216666667, 68.48225154166668) [56]
(68.46464591666668, 68.58846150000001) [55]
(68.57027966666668, 68.67937066666668) [53]
(68.67937066666668, 68.8135067916667) [52]
(68.79564966666669, 68.92064954166669) [61]
(68.90279241666668, 69.02779229166669) [58]
(69.0099351666667, 69.1346817916667) [55]
(69.1169512916667, 69.2410647916667) [60]
(69.2233342916667, 69.3474477916667) [56]
(69.3297172916667, 69.45415083333336) [53]
(69.43610029166669, 69.5622606666667) [56]
(69.5444035416667, 69.6694034166667) [55]
(69.65154629166669, 69.7761715416667) [58]
(69.7586890416667, 69.88183220833336) [55]
(69.8635840416667, 69.99166041666669) [52]
(69.9730730416667, 70.1024544166667) [56]
(70.0845972916667, 70.20922254166669) [53]
(70.19174004166669, 70.31488320833336) [50]
(70.29663504166669, 70.42437220833335) [53]
(70.40612404166669, 70.5334701666667) [52]
(70.5156130416667, 70.64023829166669) [55]
(70.62275579166669, 70.74596579166669) [52]
(70.72765079166669, 70.85539791666669) [48]
(70.83754079166668, 70.96254066666668) [53]
(70.94468354166668, 71.06924787500002) [50]
(71.05182629166669, 71.17460395833335) [47]
(71.15635579166668, 71.26584479166668) [50]
(71.26584479166668, 75.94903554166669) [36]
(71.37778504166668, 71.50764645833335) [43]
(71.48972529166669, 75.94903554166669) [48]
(71.59725229166669, 71.72270045833335) [50]
(71.70477929166668, 71.83022745833335) [52]
(71.81230629166669, 71.93775445833336) [55]
(71.91983329166669, 72.04528145833335) [58]
(72.02736029166668, 72.15320229166669) [55]
(72.13488729166669, 72.26309229166668) [56]
(72.24477729166668, 72.37389804166669) [60]
(72.35466729166669, 72.48928254166668) [65]
(72.47005179166669, 72.60698800000002) [62]
(72.58543629166668, 72.73629825000002) [65]
(72.71474654166668, 72.86775345833335) [68]
(72.84405679166669, 73.00993345833335) [72]
(72.98623679166668, 73.15573920833336) [71]
(73.1284167916667, 73.32265433333336) [72]
(73.29235129166669, 73.50728212500003) [67]
(73.4741695416667, 73.75221012500002) [65]
(73.67284504166669, 74.24903554166669) [62]
(74.14903554166669, 75.94903554166669) [64]
(78.23754354166668, 78.44429754166669) [72]
(78.44429754166669, 78.65105154166669) [71]
(78.65105154166669, 78.85780554166669) [72]
(79.06455954166668, 79.49099854166668) [67]
(79.49099854166668, 79.69775254166669) [68]
(79.90450654166668, 80.11126054166668) [72]
(80.11126054166668, 80.31801454166668) [71]
(80.31801454166668, 80.52476854166669) [72]
(80.73152254166668, 81.14503054166669) [74]
(81.14503054166669, 81.35178454166669) [67]
(81.55853854166668, 81.76529254166668) [72]
(81.76529254166668, 81.97204654166669) [71]
(81.97204654166669, 82.17880054166669) [72]
(82.38555454166668, 82.59230854166668) [74]
(82.79906254166669, 83.01092704166669) [65]
(83.01092704166669, 83.22279154166668) [67]
(83.22279154166668, 84.06002854166668) [68]
(84.06002854166668, 84.26678254166669) [67]
(84.26678254166669, 84.47353654166669) [65]
(84.47353654166669, 84.57691354166668) [63]
(84.6802905416667, 84.88704454166668) [72]
(84.88704454166668, 85.09379854166669) [71, 79]
(85.09379854166669, 85.30055254166669) [68, 78]
(85.30055254166669, 85.5073065416667) [67, 79]
(85.5073065416667, 85.71406054166668) [65]
(85.71406054166668, 85.92081454166669) [63]
(85.71406054166668, 86.12756854166669) [72]
(85.92081454166669, 86.12756854166669) [62]
(86.12756854166669, 86.3343225416667) [60, 75]
(86.54107654166668, 86.74783054166669) [79]
(86.54107654166668, 86.95458454166669) [75]
(86.74783054166669, 86.95458454166669) [78]
(86.95458454166669, 87.1613385416667) [79]
(86.95458454166669, 87.36809254166668) [74]
(87.36809254166668, 87.78160054166669) [72, 81]
(87.78160054166669, 87.9883545416667) [70, 74]
(88.19510854166668, 88.40186254166669) [79]
(88.19510854166668, 88.60861654166669) [69]
(88.40186254166669, 88.60861654166669) [78]
(88.60861654166669, 88.8153705416667) [79]
(88.60861654166669, 89.02212454166668) [70]
(89.02212454166668, 89.43218664166669) [72]
(89.02212454166668, 89.43563254166669) [81]
(89.43563254166669, 89.65016354166669) [72]
(89.43563254166669, 89.8646945416667) [66]
(89.65016354166669, 89.8646945416667) [74]
(89.8646945416667, 90.2937565416667) [67]
(89.8646945416667, 90.70726454166669) [75]
(90.2937565416667, 90.70726454166669) [69]
(90.70726454166669, 90.91401854166669) [74]
(90.70726454166669, 91.1207725416667) [66]
(90.91401854166669, 91.1207725416667) [72]
(91.1207725416667, 91.3275265416667) [70]
(91.1207725416667, 91.9477885416667) [67]
(91.53428054166669, 91.74103454166669) [75]
(91.74103454166669, 91.9477885416667) [74]
(91.9477885416667, 92.1545425416667) [75]
(92.1545425416667, 92.36129654166669) [60]
(92.36129654166669, 92.5680505416667) [62]
(92.36129654166669, 92.7748045416667) [67]
(92.5680505416667, 92.7748045416667) [63]
(92.7748045416667, 92.9815585416667) [65, 68]
(92.9815585416667, 93.18831254166669) [67]
(93.18831254166669, 93.3950665416667) [77]
(93.18831254166669, 93.8085745416667) [68]
(93.3950665416667, 93.6018205416667) [75]
(93.6018205416667, 93.8085745416667) [77]
(93.8085745416667, 94.01532854166669) [62]
(94.01532854166669, 94.2220825416667) [63]
(94.01532854166669, 94.4288365416667) [69]
(94.2220825416667, 94.4288365416667) [65]
(94.4288365416667, 94.6355905416667) [67, 70]
(94.6355905416667, 94.84234454166669) [69]
(94.84234454166669, 95.0490985416667) [79]
(94.84234454166669, 95.4626065416667) [70]
(95.0490985416667, 95.2558525416667) [77]
(95.2558525416667, 95.4626065416667) [79]
(95.4626065416667, 95.66936054166669) [63]
(95.66936054166669, 95.8761145416667) [65]
(95.66936054166669, 96.0828685416667) [71]
(95.8761145416667, 96.0828685416667) [67]
(96.0828685416667, 96.2896225416667) [68, 72]
(96.2896225416667, 96.49637654166669) [67]
(96.49637654166669, 96.7031305416667) [65, 74]
(96.7031305416667, 96.9098845416667) [63, 75]
(96.9098845416667, 97.1166385416667) [62]
(96.9098845416667, 98.15040854166669) [77]
(97.32339254166669, 97.5301465416667) [72]
(97.5301465416667, 97.7369005416667) [71]
(97.7369005416667, 97.94365454166669) [72]
(98.15040854166669, 98.3571625416667) [60, 75]
(98.3571625416667, 98.5639165416667) [59, 74]
(98.5639165416667, 98.7706705416667) [60, 72]
(98.7706705416667, 98.9774245416667) [70]
(98.9774245416667, 99.19334504166669) [68]
(98.9774245416667, 99.4092655416667) [55]
(99.19334504166669, 99.4092655416667) [67]
(99.4092655416667, 99.6160195416667) [56, 65]
(99.82277354166669, 100.0295275416667) [60]
(99.82277354166669, 100.2362815416667) [77, 80]
(100.0295275416667, 100.2362815416667) [59]
(100.2362815416667, 100.4430355416667) [60]
(100.2362815416667, 100.64978954166669) [75, 79]
(100.64978954166669, 101.0632975416667) [62, 74, 77]
(101.0632975416667, 101.2700515416667) [55, 75]
(101.47680554166669, 101.6835595416667) [60]
(101.47680554166669, 101.8903135416667) [68, 74]
(101.6835595416667, 101.8903135416667) [59]
(101.8903135416667, 102.0970675416667) [60]
(101.8903135416667, 102.3038215416667) [67, 75]
(102.3038215416667, 102.5105755416667) [62]
(102.3038215416667, 102.7173295416667) [65, 77]
(102.7173295416667, 102.9318605416667) [53, 67, 71]
(102.9318605416667, 103.1463915416667) [55]
(103.1463915416667, 103.3609225416667) [65]
(103.1463915416667, 103.5754535416667) [72]
(103.1463915416667, 103.9889615416667) [56]
(103.3609225416667, 103.5754535416667) [63]
(103.5754535416667, 103.78220754166671) [65]
(103.5754535416667, 103.9889615416667) [74]
(103.9889615416667, 104.1957155416667) [55]
(103.9889615416667, 104.4024695416667) [62, 71]
(104.1957155416667, 104.4024695416667) [53]
(104.4024695416667, 104.5058465416667) [51]
(104.4024695416667, 104.8159775416667) [72]
(104.4024695416667, 105.2294855416667) [67]
(104.60922354166671, 104.8159775416667) [60]
(104.8159775416667, 105.0227315416667) [59, 79]
(105.0227315416667, 105.2294855416667) [57, 78]
(105.2294855416667, 105.43623954166671) [55, 79]
(105.43623954166671, 105.6429935416667) [53]
(105.6429935416667, 105.8548580416667) [51]
(105.6429935416667, 106.06672254166669) [71, 74]
(105.8548580416667, 106.06672254166669) [50]
(106.06672254166669, 106.2785870416667) [48, 72]
(106.06672254166669, 106.9039595416667) [75]
(106.2785870416667, 106.4904515416667) [50]
(106.4904515416667, 106.6972055416667) [51, 72]
(106.6972055416667, 106.9039595416667) [50, 71]
(106.9039595416667, 107.1107135416667) [48, 72]
(107.1107135416667, 107.3174675416667) [46]
(107.3174675416667, 107.5319985416667) [44]
(107.3174675416667, 107.7465295416667) [67, 76]
(107.5319985416667, 107.7465295416667) [43]
(107.7465295416667, 107.8537950416667) [41]
(107.7465295416667, 107.9610605416667) [77]
(107.7465295416667, 108.5890995416667) [68]
(107.9610605416667, 108.1755915416667) [58]
(108.1755915416667, 108.38234554166671) [56, 77]
(108.38234554166671, 108.5890995416667) [55, 76]
(108.5890995416667, 108.7958535416667) [53, 77]
(108.7958535416667, 109.0026075416667) [51]
(109.0026075416667, 109.20936154166671) [50]
(109.0026075416667, 109.4161155416667) [69, 72]
(109.20936154166671, 109.4161155416667) [48]
(109.4161155416667, 109.6228695416667) [46, 70]
(109.4161155416667, 110.2431315416667) [74]
(109.6228695416667, 109.8296235416667) [48]
(109.8296235416667, 110.03637754166671) [50, 70]
(110.03637754166671, 110.2431315416667) [48, 69]
(110.2431315416667, 110.4498855416667) [46, 70]
(110.4498855416667, 110.6566395416667) [44]
(110.6566395416667, 110.8711705416667) [43]
(110.6566395416667, 111.08570154166671) [65, 74]
(110.8711705416667, 111.08570154166671) [41]
(111.08570154166671, 111.1929670416667) [39]
(111.08570154166671, 111.3002325416667) [75]
(111.08570154166671, 111.9282715416667) [67]
(111.3002325416667, 111.51476354166671) [56]
(111.51476354166671, 111.72151754166671) [55, 75]
(111.72151754166671, 111.9282715416667) [53, 74]
(111.9282715416667, 112.1350255416667) [51, 75]
(112.1350255416667, 112.34177954166671) [49]
(112.34177954166671, 112.54853354166671) [48]
(112.34177954166671, 112.7552875416667) [67, 70]
(112.54853354166671, 112.7552875416667) [46]
(112.7552875416667, 112.96204154166671) [44, 68, 72]
(113.16879554166671, 113.3793810416667) [75]
(113.16879554166671, 113.58996654166671) [60, 68]
(113.3793810416667, 113.58996654166671) [74]
(113.58996654166671, 113.8005520416667) [75]
(113.58996654166671, 114.01113754166671) [58, 67]
(114.01113754166671, 114.43230854166671) [56, 65, 77]
(114.43230854166671, 114.64289404166671) [55, 70]
(114.85347954166672, 115.06406504166671) [75]
(114.85347954166672, 115.27465054166672) [53, 56]
(115.06406504166671, 115.27465054166672) [74]
(115.27465054166672, 115.6958215416667) [55, 58, 75]
(115.6958215416667, 116.01169979166671) [56, 60, 77]
(116.1169925416667, 116.3315235416667) [68]
(116.1169925416667, 116.5460545416667) [50]
(116.3315235416667, 116.5460545416667) [70]
(116.5460545416667, 116.7605855416667) [56]
(116.5460545416667, 116.97511654166671) [51]
(116.5460545416667, 117.39376004166671) [72]
(116.7605855416667, 116.97511654166671) [55]
(116.97511654166671, 117.18443829166671) [56]
(116.97511654166671, 117.39376004166671) [53]
(117.39376004166671, 117.60308179166671) [70]
(117.39376004166671, 117.81240354166671) [50, 53]
(117.60308179166671, 117.81240354166671) [68]
(117.81240354166671, 117.9170644166667) [67]
(117.81240354166671, 118.02172529166671) [51, 58]
(118.02172529166671, 118.23104704166671) [63]
(118.23104704166671, 118.43780104166672) [65]
(118.23104704166671, 118.6445550416667) [56, 60]
(118.43780104166672, 118.6445550416667) [67]
(118.6445550416667, 118.85130904166671) [68]
(118.6445550416667, 119.05806304166671) [55, 58]
(118.85130904166671, 119.05806304166671) [70]
(119.05806304166671, 119.26481704166672) [72]
(119.05806304166671, 119.4715710416667) [53, 56]
(119.26481704166672, 119.4715710416667) [74]
(119.4715710416667, 119.67832504166671) [55, 58, 75]
(119.67832504166671, 119.88507904166671) [74]
(119.88507904166671, 120.09183304166672) [72]
(119.88507904166671, 120.2985870416667) [53, 55]
(120.09183304166672, 120.2985870416667) [74]
(120.2985870416667, 120.50534104166671) [75]
(120.2985870416667, 120.71209504166671) [50, 53]
(120.50534104166671, 120.71209504166671) [77]
(120.71209504166671, 120.91884904166672) [79]
(120.71209504166671, 121.12560304166671) [48, 51]
(120.91884904166672, 121.12560304166671) [81]
(121.12560304166671, 121.22898004166672) [82]
(121.12560304166671, 121.33235704166671) [50, 53]
(121.33235704166671, 121.53911104166671) [65]
(121.53911104166671, 121.74586504166672) [67]
(121.53911104166671, 121.95261904166671) [58, 61]
(121.74586504166672, 121.95261904166671) [68]
(121.95261904166671, 122.15937304166671) [70]
(121.95261904166671, 122.36612704166672) [56, 60]
(122.15937304166671, 122.36612704166672) [72]
(122.36612704166672, 122.57288104166672) [74]
(122.36612704166672, 122.77963504166671) [55, 58]
(122.57288104166672, 122.77963504166671) [76]
(122.77963504166671, 122.98638904166671) [56, 60, 77]
(122.98638904166671, 123.19314304166672) [75]
(123.19314304166672, 123.39989704166672) [74]
(123.19314304166672, 123.60665104166671) [53, 56]
(123.39989704166672, 123.60665104166671) [75]
(123.60665104166671, 123.81340504166671) [77]
(123.60665104166671, 124.02015904166672) [51, 55]
(123.81340504166671, 124.02015904166672) [79]
(124.02015904166672, 124.22691304166672) [81]
(124.02015904166672, 124.43366704166671) [50, 53]
(124.22691304166672, 124.43366704166671) [83]
(124.43366704166671, 124.64042104166671) [51, 55, 84]
(124.84717504166672, 125.05392904166672) [67, 83]
(125.05392904166672, 125.26068304166671) [66, 81]
(125.26068304166671, 125.46743704166671) [67, 79]
(125.46743704166671, 125.67419104166672) [77]
(125.67419104166672, 125.8809450416667) [75]
(125.67419104166672, 126.08769904166671) [60]
(125.8809450416667, 126.08769904166671) [74]
(126.08769904166671, 126.29445304166671) [63, 72]
(126.50120704166672, 126.71442654166671) [67]
(126.50120704166672, 126.92764604166672) [48, 75]
(126.71442654166671, 126.92764604166672) [66]
(126.92764604166672, 127.35408504166672) [46, 67, 74]
(127.35408504166672, 127.78052404166672) [45, 69, 72]
(127.78052404166672, 127.99374354166672) [62, 70]
(128.2069630416667, 128.42018254166672) [67]
(128.2069630416667, 128.63340204166673) [51, 69]
(128.42018254166672, 128.63340204166673) [66]
(128.63340204166673, 129.05984104166672) [50, 67, 70]
(129.05984104166672, 129.3796702916667) [48, 69, 72]
(129.48628004166673, 129.70367129166672) [60]
(129.48628004166673, 129.92106254166674) [50, 66]
(129.70367129166672, 129.92106254166674) [62]
(129.92106254166674, 130.13845379166673) [48]
(129.92106254166674, 130.35584504166673) [67]
(129.92106254166674, 130.78749954166673) [63]
(130.13845379166673, 130.35584504166673) [46]
(130.35584504166673, 130.78749954166673) [48, 69]
(130.78749954166673, 131.00203054166673) [62]
(130.78749954166673, 131.21656154166672) [50, 66]
(131.00203054166673, 131.21656154166672) [60]
(131.21656154166672, 131.43109254166674) [43, 58, 67]
(131.64562354166674, 131.85237754166673) [58, 74]
(131.85237754166673, 132.05913154166674) [57, 72]
(132.05913154166674, 132.26588554166673) [58]
(132.05913154166674, 132.47263954166672) [74]
(132.26588554166673, 132.47263954166672) [62]
(132.47263954166672, 132.68322504166673) [50, 64]
(132.68322504166673, 132.8938105416667) [66]
(132.8938105416667, 133.10439604166672) [51, 67]
(133.10439604166672, 133.31498154166673) [69]
(133.31498154166673, 133.52173554166671) [60, 76]
(133.31498154166673, 133.93524354166672) [70]
(133.52173554166671, 133.72848954166673) [59, 74]
(133.72848954166673, 133.93524354166672) [60]
(133.72848954166673, 134.1419975416667) [76]
(133.93524354166672, 134.1419975416667) [64]
(134.1419975416667, 134.35521704166672) [52, 65]
(134.35521704166672, 134.5684365416667) [67]
(134.5684365416667, 134.7816560416667) [53, 69]
(134.7816560416667, 134.99487554166672) [70]
(134.99487554166672, 135.2016295416667) [62, 78]
(134.99487554166672, 135.6151375416667) [72]
(135.2016295416667, 135.40838354166672) [60, 76]
(135.40838354166672, 135.6151375416667) [62]
(135.40838354166672, 135.8218915416667) [78]
(135.6151375416667, 135.8218915416667) [66]
(135.8218915416667, 136.0324770416667) [54, 67]
(136.0324770416667, 136.2430625416667) [69]
(136.2430625416667, 136.4536480416667) [55]
(136.2430625416667, 136.6642335416667) [70]
(136.6642335416667, 136.8709875416667) [63, 67]
(136.8709875416667, 137.0777415416667) [62, 65]
(137.0777415416667, 137.2844955416667) [63, 67]
(137.2844955416667, 137.4912495416667) [43]
(137.4912495416667, 137.70057129166668) [45, 55]
(137.70057129166668, 137.9098930416667) [47]
(137.9098930416667, 138.11921479166668) [48, 56]
(138.11921479166668, 138.3285365416667) [50]
(138.3285365416667, 138.53529054166668) [65, 69]
(138.3285365416667, 138.9487985416667) [51]
(138.53529054166668, 138.7420445416667) [63, 67]
(138.7420445416667, 138.9487985416667) [65, 69]
(138.9487985416667, 139.15555254166668) [45]
(139.15555254166668, 139.3623065416667) [46, 57]
(139.3623065416667, 139.5690605416667) [48]
(139.5690605416667, 139.7758145416667) [50, 58]
(139.7758145416667, 139.9825685416667) [51]
(139.9825685416667, 140.18932254166668) [67, 71]
(139.9825685416667, 140.6028305416667) [53]
(140.18932254166668, 140.3960765416667) [65, 69]
(140.3960765416667, 140.6028305416667) [67, 71]
(140.6028305416667, 140.80958454166668) [47]
(140.80958454166668, 141.02144904166667) [48, 59]
(141.02144904166667, 141.2333135416667) [50]
(141.2333135416667, 141.33924579166668) [60]
(141.2333135416667, 141.44517804166668) [51]
(141.44517804166668, 141.65704254166667) [65]
(141.65704254166667, 141.86379654166666) [63, 72]
(141.86379654166666, 142.07055054166668) [62, 71]
(142.07055054166668, 142.27730454166667) [60, 72]
(142.27730454166667, 142.48405854166666) [58]
(142.48405854166666, 142.69081254166667) [56]
(142.48405854166666, 142.89756654166666) [52, 67]
(142.69081254166667, 142.89756654166666) [55]
(142.89756654166666, 143.10432054166668) [56, 53, 68]
(143.31107454166667, 143.51782854166666) [72]
(143.31107454166667, 143.72458254166668) [41, 68]
(143.51782854166666, 143.72458254166668) [71]
(143.72458254166668, 143.93133654166667) [72]
(143.72458254166668, 144.13809054166666) [39, 67]
(144.13809054166666, 144.56452954166664) [38, 65, 74]
(144.56452954166664, 144.77774904166665) [63, 67]
(144.99096854166666, 145.19772254166665) [72]
(144.99096854166666, 145.40447654166667) [44, 62]
(145.19772254166665, 145.40447654166667) [71]
(145.40447654166667, 145.61123054166666) [72]
(145.40447654166667, 145.81798454166665) [43, 63]
(145.81798454166665, 146.02473854166666) [74]
(145.81798454166665, 146.22804664166665) [65]
(145.81798454166665, 146.23149254166665) [41]
(146.23149254166665, 146.44207804166666) [43, 59, 65]
(146.44207804166666, 146.65266354166664) [67]
(146.65266354166664, 146.86324904166665) [41]
(146.65266354166664, 147.07383454166666) [60]
(146.65266354166664, 147.48734254166666) [68]
(146.86324904166665, 147.07383454166666) [39]
(147.07383454166666, 147.28058854166665) [41]
(147.07383454166666, 147.48734254166666) [62]
(147.48734254166666, 147.69409654166665) [43, 67]
(147.48734254166666, 147.90085054166664) [59]
(147.69409654166665, 147.90085054166664) [65]
(147.90085054166664, 148.10760454166666) [48, 63]
(147.90085054166664, 148.72786654166666) [60]
(148.10760454166666, 148.31435854166665) [50]
(148.31435854166665, 148.52111254166667) [51, 72]
(148.52111254166667, 148.72786654166666) [50, 71]
(148.72786654166666, 148.94108604166667) [48, 72]
(148.94108604166667, 149.15430554166664) [46]
(149.15430554166664, 149.36105954166663) [44]
(149.15430554166664, 149.56781354166665) [64, 67]
(149.36105954166663, 149.56781354166665) [43]
(149.56781354166665, 149.67119054166665) [41]
(149.56781354166665, 149.77456754166664) [65]
(149.56781354166665, 150.39482954166664) [68]
(149.77456754166664, 149.98132154166663) [58]
(149.98132154166663, 150.18807554166665) [56, 65]
(150.18807554166665, 150.39482954166664) [55, 64]
(150.39482954166664, 150.60158354166666) [53, 65]
(150.60158354166666, 150.80833754166665) [51]
(150.80833754166665, 151.01509154166664) [50]
(150.80833754166665, 151.22184554166665) [60, 69]
(151.01509154166664, 151.22184554166665) [48]
(151.22184554166665, 151.42859954166664) [46, 70]
(151.22184554166665, 152.04886154166664) [62]
(151.42859954166664, 151.63535354166663) [48]
(151.63535354166663, 151.84210754166665) [50, 70]
(151.84210754166665, 152.04886154166664) [48, 69]
(152.04886154166664, 152.26208104166665) [46, 70]
(152.26208104166665, 152.47530054166663) [44]
(152.47530054166663, 152.68205454166662) [43]
(152.47530054166663, 152.88880854166663) [62, 65]
(152.68205454166662, 152.88880854166663) [41]
(152.88880854166663, 152.99218554166663) [39]
(152.88880854166663, 153.09556254166662) [63]
(152.88880854166663, 153.71582454166662) [67]
(153.09556254166662, 153.3023165416666) [56]
(153.3023165416666, 153.50907054166663) [55, 63]
(153.50907054166663, 153.71582454166662) [53, 62]
(153.71582454166662, 153.92257854166664) [51, 63]
(153.92257854166664, 154.12933254166663) [50]
(154.12933254166663, 154.33608654166662) [48]
(154.12933254166663, 154.54284054166664) [58]
(154.12933254166663, 154.9563485416666) [67]
(154.33608654166662, 154.54284054166664) [46]
(154.54284054166664, 154.74959454166662) [44]
(154.54284054166664, 156.61038054166661) [60]
(154.74959454166662, 154.9563485416666) [46]
(154.9563485416666, 155.16310254166663) [48, 68]
(155.16310254166663, 155.36985654166662) [46, 70]
(155.36985654166662, 155.57661054166664) [44, 72]
(155.57661054166664, 155.78336454166663) [43, 71]
(155.78336454166663, 155.99011854166662) [41, 72]
(155.99011854166662, 156.19687254166664) [39, 68]
(156.19687254166664, 156.30024954166663) [38]
(156.19687254166664, 157.23064254166664) [65]
(156.40362654166663, 156.61038054166661) [55]
(156.61038054166661, 156.81713454166663) [53, 62]
(156.81713454166663, 157.02388854166662) [51, 63]
(157.02388854166662, 157.23064254166664) [50, 65]
(157.23064254166664, 157.43739654166663) [48, 63]
(157.43739654166663, 157.64415054166662) [47, 65]
(157.64415054166662, 157.85090454166664) [45, 62]
(157.85090454166664, 158.05765854166663) [59]
(157.85090454166664, 158.67792054166662) [43]
(158.26441254166662, 158.47116654166663) [74]
(158.47116654166663, 158.67792054166662) [72]
(158.67792054166662, 158.88467454166664) [74]
(159.09142854166663, 159.52049054166662) [59, 65]
(159.52049054166662, 159.7272445416666) [60, 63]
(159.7272445416666, 159.93399854166663) [43]
(159.93399854166663, 160.14075254166661) [45, 75]
(160.14075254166661, 160.3475065416666) [47, 74]
(160.3475065416666, 160.55426054166662) [48, 75]
(160.55426054166662, 160.7610145416666) [50]
(160.7610145416666, 160.96776854166663) [51]
(160.7610145416666, 161.17452254166662) [63, 67]
(160.96776854166663, 161.17452254166662) [53]
(161.17452254166662, 161.3812765416666) [55, 62, 65]
(161.3812765416666, 161.58803054166663) [53]
(161.58803054166663, 161.79478454166662) [56, 77]
(161.79478454166662, 162.0015385416666) [55, 75]
(162.0015385416666, 162.20829254166662) [53, 77]
(162.20829254166662, 162.4150465416666) [51]
(162.4150465416666, 162.62180054166663) [50]
(162.4150465416666, 162.82855454166662) [68]
(162.4150465416666, 163.24206254166663) [65]
(162.62180054166663, 162.82855454166662) [48]
(162.82855454166662, 162.93193154166661) [67]
(162.82855454166662, 163.0353085416666) [47]
(163.0353085416666, 163.24206254166663) [77]
(163.24206254166663, 163.44881654166662) [48, 75]
(163.44881654166662, 163.6555705416666) [47, 74]
(163.6555705416666, 163.86232454166662) [48, 72]
(163.86232454166662, 164.0690785416666) [71]
(164.0690785416666, 164.27583254166663) [69]
(164.0690785416666, 164.48258654166662) [43, 65]
(164.27583254166663, 164.48258654166662) [67]
(164.48258654166662, 164.70124554166662) [44, 63, 72]
(164.91990454166663, 165.13856354166663) [48]
(164.91990454166663, 165.35722254166663) [68, 77]
(165.13856354166663, 165.35722254166663) [47]
(165.35722254166663, 165.57588154166663) [48]
(165.35722254166663, 165.7945405416666) [67, 75]
(165.7945405416666, 166.2318585416666) [50, 65, 74]
(166.2318585416666, 166.4655397916666) [43, 63]
(166.69922104166662, 166.92515879166663) [48]
(166.69922104166662, 167.15109654166662) [62, 68]
(166.92515879166663, 167.15109654166662) [47]
(167.15109654166662, 167.3879510416666) [48]
(167.15109654166662, 167.62480554166663) [63, 67]
(167.62480554166663, 167.86166004166662) [50]
(167.62480554166663, 168.09851454166662) [65]
(168.09851454166662, 168.34751854166663) [41, 59, 67]
(168.34751854166663, 168.59652254166662) [43]
(168.59652254166662, 168.8530642916666) [65]
(168.59652254166662, 169.1096060416666) [60]
(168.59652254166662, 169.6226895416666) [44]
(168.8530642916666, 169.1096060416666) [63]
(169.1096060416666, 169.3661477916666) [62, 65]
(169.6226895416666, 169.9000562916666) [43]
(169.6226895416666, 170.1774230416666) [59, 62]
(169.9000562916666, 170.1774230416666) [41]
(170.1774230416666, 170.7866840416666) [59, 68]
(170.1774230416666, 171.3959450416666) [39]
(170.7866840416666, 171.3959450416666) [60, 67]
(172.0052060416666, 172.6144670416666) [51, 60, 69]
(172.6144670416666, 172.9190975416666) [65]
(172.6144670416666, 173.2237280416666) [50, 71]
(172.9190975416666, 173.2237280416666) [62]
(173.2237280416666, 173.5283585416666) [63]
(173.2237280416666, 173.8329890416666) [48, 72]
(173.5283585416666, 174.4749697916666) [60]
(173.8329890416666, 174.14895220833327) [65]
(173.8329890416666, 174.4749697916666) [55]
(174.14895220833327, 174.4749697916666) [63]
(174.4749697916666, 174.81172274999992) [62]
(174.4749697916666, 175.24375049999992) [43, 59]
(174.81172274999992, 175.24375049999992) [60]
(175.24375049999992, 175.83187049999992) [60]
(175.24375049999992, 189.75418624999992) [36, 48]
(175.83187049999992, 176.09632749999992) [72]
(176.09632749999992, 176.3607844999999) [71]
(176.3607844999999, 176.60271999999992) [72]
(176.8446554999999, 177.3285264999999) [64, 67]
(177.3285264999999, 177.5704619999999) [65, 68]
(177.81239749999992, 178.0596774999999) [72]
(178.0596774999999, 178.30695749999992) [71]
(178.30695749999992, 178.80151749999993) [72]
(178.80151749999993, 179.2960774999999) [65, 71, 74, 68]
(179.2960774999999, 179.54335749999993) [65, 67]
(179.79063749999992, 180.04521999999992) [63, 72]
(180.04521999999992, 180.2998024999999) [62, 71]
(180.2998024999999, 180.82464499999992) [63, 72]
(180.82464499999992, 181.30575062499992) [65, 74, 68]
(181.3535334999999, 181.6694559999999) [65]
(181.3535334999999, 181.9853784999999) [62, 59]
(181.6694559999999, 181.9853784999999) [67]
(181.9853784999999, 183.29806249999993) [68]
(182.62901699999992, 183.29806249999993) [62, 59]
(183.29806249999993, 183.73009024999993) [67]
(183.73009024999993, 184.39943424999993) [65]
(184.39943424999993, 189.75418624999992) [60, 64, 55]
