(0.0, 0.15999712500000002) [50]
(0.10791375, 0.229441625) [74]
(0.2120805, 0.333608375) [76]
(0.31624725, 0.43777512500000004) [78]
(0.42041400000000007, 0.52458075) [69]
(0.42041400000000007, 0.5766641250000001) [62]
(0.52458075, 0.6461086250000001) [78]
(0.6287475, 0.7502753750000001) [76]
(0.7329142500000001, 0.854442125) [74]
(0.8370810000000001, 0.94124775) [81]
(0.8370810000000001, 0.9933311250000001) [54]
(0.94124775, 1.062775625) [74]
(1.0454145000000001, 1.166942375) [76]
(1.14958125, 1.2711091250000002) [78]
(1.253748, 1.3579147500000002) [69]
(1.253748, 1.4099981250000002) [62]
(1.3579147500000002, 1.4794426250000001) [78]
(1.4620815, 1.5836093750000002) [76]
(1.5662482500000001, 1.687776125) [74]
(1.6704150000000002, 1.77458175) [79]
(1.6704150000000002, 1.8266651250000001) [52]
(1.77458175, 1.8961096250000002) [76]
(1.8787485000000002, 2.000276375) [78]
(1.9829152500000002, 2.104443125) [79]
(2.087082, 2.1912487499999997) [71]
(2.087082, 2.2433925833333332) [62]
(2.1912487499999997, 2.3130789166666665) [74]
(2.295657333333333, 2.4177911666666665) [73]
(2.4003086666666666, 2.522995541666666) [71]
(2.505265041666666, 2.6116480416666663) [73]
(2.505265041666666, 2.6637314166666664) [57]
(2.6116480416666663, 2.7331759166666663) [76]
(2.7158147916666664, 2.8373426666666663) [78]
(2.8199815416666665, 2.9415094166666664) [79]
(2.9241482916666666, 3.028315041666666) [69]
(2.9241482916666666, 3.079684916666666) [61]
(3.028315041666666, 3.148178083333333) [79]
(3.1310547916666662, 3.251525041666666) [78]
(3.2337945416666662, 3.3575386666666662) [76]
(3.3401775416666664, 3.4443442916666664) [78]
(3.3401775416666664, 3.4964276666666665) [50]
(3.4443442916666664, 3.5658721666666664) [74]
(3.5485110416666665, 3.6700389166666665) [76]
(3.652677791666666, 3.7742056666666666) [78]
(3.7568445416666663, 3.8610112916666663) [69]
(3.7568445416666663, 3.9132760416666663) [62]
(3.8610112916666663, 3.9827809999999997) [73]
(3.965419875, 4.0865876666666665) [71]
(4.069346291666666, 4.189858166666666) [69]
(4.172676041666667, 4.275533458333332) [71]
(4.172676041666667, 4.326727958333333) [50]
(4.275533458333332, 4.3949872916666655) [74]
(4.377922458333332, 4.497376291666666) [76]
(4.4803114583333326, 4.6001220416666655) [78]
(4.582700458333332, 4.687229958333332) [71]
(4.582700458333332, 4.738424458333332) [62]
(4.687229958333332, 4.806683791666665) [81]
(4.789618958333332, 4.909072791666666) [80]
(4.892007958333332, 5.012064791666665) [78]
(4.994396958333332, 5.100403958333332) [80]
(4.994396958333332, 5.151834666666665) [50]
(5.100403958333332, 5.220093999999998) [76]
(5.203029166666665, 5.322482999999998) [78]
(5.305418166666665, 5.425047374999998) [80]
(5.407924083333332, 5.510663833333332) [71]
(5.407924083333332, 5.562033708333332) [56]
(5.510663833333332, 5.6305857083333315) [74]
(5.613403583333332, 5.733678458333332) [73]
(5.716496333333332, 5.836771208333332) [71]
(5.819589083333332, 5.922918833333331) [69]
(5.819589083333332, 5.975922333333331) [49]
(5.922918833333331, 6.046593666666665) [73]
(6.028925833333331, 6.152600666666665) [74]
(6.134932833333331, 6.258607666666665) [76]
(6.240939833333331, 6.346946833333331) [66]
(6.240939833333331, 6.398670958333331) [57]
(6.346946833333331, 6.467636458333331) [76]
(6.450395083333331, 6.571573833333331) [74]
(6.553843333333331, 6.677587458333331) [73]
(6.660226333333331, 6.7643930833333314) [74]
(6.660226333333331, 6.816476458333331) [47]
(6.7643930833333314, 6.885920958333331) [71]
(6.8685598333333315, 6.9900877083333315) [73]
(6.972726583333332, 7.094254458333332) [74]
(7.076893333333332, 7.181060083333332) [66]
(7.076893333333332, 7.233203916666665) [57]
(7.181060083333332, 7.302890249999998) [69]
(7.285468666666665, 7.4076024999999985) [68]
(7.390119999999998, 7.512558874999998) [66]
(7.495014999999998, 7.600278249999998) [68]
(7.495014999999998, 7.652909874999998) [52]
(7.600278249999998, 7.7230853749999975) [71]
(7.705541499999998, 7.828348624999998) [73]
(7.810804749999997, 7.933611874999998) [74]
(7.916067999999997, 8.021331249999998) [64]
(7.916067999999997, 8.073055374999997) [56]
(8.021331249999998, 8.142020874999998) [74]
(8.124779499999997, 8.245469124999998) [73]
(8.228227749999997, 8.349533124999999) [71]
(8.331675999999998, 8.438818749999998) [73]
(8.331675999999998, 8.490721874999998) [45]
(8.438818749999998, 8.559926041666664) [69]
(8.542624999999997, 8.663732291666664) [71]
(8.646431249999997, 8.767538541666664) [73]
(8.750237499999997, 8.854043749999997) [64]
(8.750237499999997, 8.906491249999997) [57]
(8.854043749999997, 8.976421249999998) [67]
(8.958938749999998, 9.081316249999997) [66]
(9.063833749999997, 9.185910874999998) [64]
(9.168728749999998, 9.271821499999998) [66]
(9.168728749999998, 9.323367874999997) [45]
(9.271821499999998, 9.392096374999998) [69]
(9.374914249999998, 9.495189124999998) [71]
(9.478006999999998, 9.598281874999998) [73]
(9.581099749999998, 9.684192499999998) [66]
(9.581099749999998, 9.737009374999998) [57]
(9.684192499999998, 9.807431874999999) [76]
(9.789826249999999, 9.913065624999998) [75]
(9.895459999999998, 10.018699374999999) [73]
(10.001093749999999, 10.106727499999998) [75]
(10.001093749999999, 10.158630624999999) [45]
(10.106727499999998, 10.227834791666664) [71]
(10.210533749999998, 10.331641041666664) [73]
(10.314339999999998, 10.435447291666664) [75]
(10.418146249999998, 10.521952499999998) [66]
(10.418146249999998, 10.573855624999998) [51]
(10.521952499999998, 10.643059791666666) [69]
(10.625758749999997, 10.746866041666665) [67]
(10.729564999999997, 10.850612624999998) [66]
(10.833371249999999, 10.936760249999999) [64]
(10.833371249999999, 10.988306625) [43]
(10.936760249999999, 11.056858625) [67]
(11.039735333333333, 11.159364541666667) [69]
(11.142299708333333, 11.261405708333333) [71]
(11.244456541666667, 11.346151541666666) [61]
(11.244456541666667, 11.397346041666665) [52]
(11.346151541666666, 11.465605374999999) [74]
(11.448540541666667, 11.567994375) [73]
(11.550929541666665, 11.670383375) [71]
(11.653318541666666, 11.755707541666666) [70]
(11.653318541666666, 11.807790916666667) [42]
(11.755707541666666, 11.877235416666666) [64]
(11.859874291666666, 11.981402166666665) [66]
(11.964041041666666, 12.085568916666666) [67]
(12.068207791666666, 12.172374541666667) [61]
(12.068207791666666, 12.224277666666667) [54]
(12.172374541666667, 12.293481833333333) [67]
(12.276180791666667, 12.396930083333332) [66]
(12.379688708333333, 12.500082083333334) [64]
(12.482899958333334, 12.585757375) [62]
(12.482899958333334, 12.636951875) [42]
(12.585757375, 12.705211208333333) [71]
(12.688146375, 12.807600208333334) [73]
(12.790535375, 12.909989208333334) [74]
(12.892924375, 12.995313375) [66]
(12.892924375, 13.046507875) [54]
(12.995313375, 13.114767208333333) [69]
(13.097702375, 13.217156208333334) [68]
(13.200091375, 13.319545208333333) [66]
(13.302480375, 13.404869375) [65]
(13.302480375, 13.456952750000001) [42]
(13.404869375, 13.52639725) [68]
(13.509036125, 13.630564) [69]
(13.613202875, 13.73473075) [71]
(13.717369625, 13.821536375) [65]
(13.717369625, 13.873619750000001) [54]
(13.821536375, 13.94306425) [74]
(13.925703125, 14.047231) [73]
(14.029869875000001, 14.151397750000001) [71]
(14.134036625, 14.238203375000001) [80]
(14.134036625, 14.289223750000001) [42]
(14.238203375000001, 14.357250916666668) [77]
(14.340244125000002, 14.459291666666667) [78]
(14.442284875000002, 14.561993458333335) [80]
(14.544325625, 14.650332625) [73]
(14.544325625, 14.70296425) [54]
(14.650332625, 14.77313975) [83]
(14.755595875000001, 14.878403) [81]
(14.860859125000001, 14.98366625) [80]
(14.966122375000001, 15.071385625000001) [81]
(14.966122375000001, 15.122406000000002) [42]
(15.071385625000001, 15.190433166666669) [78]
(15.173426375000002, 15.292473916666667) [80]
(15.275467125000002, 15.394514666666668) [81]
(15.377507875000001, 15.479548625000001) [73]
(15.377507875000001, 15.530569000000002) [54]
(15.479548625000001, 15.598538541666668) [76]
(15.581589375000002, 15.700233541666668) [75]
(15.683284375000001, 15.801871250000003) [73]
(15.784979375000002, 15.886330625000003) [75]
(15.784979375000002, 15.937006250000003) [47]
(15.886330625000003, 16.004516875000004) [78]
(15.987681875000003, 16.105526875000002) [79]
(16.088691875000002, 16.207313250000006) [81]
(16.18964541666667, 16.295652416666673) [71]
(16.18964541666667, 16.346672791666673) [51]
(16.295652416666673, 16.41487408333334) [81]
(16.397809250000005, 16.51779033333334) [79]
(16.50060820833334, 16.62141758333334) [78]
(16.604116541666674, 16.70822320833334) [79]
(16.604116541666674, 16.76012633333334) [40]
(16.70822320833334, 16.829330500000008) [76]
(16.812029458333342, 16.933136750000006) [78]
(16.91583570833334, 17.036943000000008) [79]
(17.01964195833334, 17.12344820833334) [71]
(17.01964195833334, 17.175411416666673) [52]
(17.12344820833334, 17.244855916666673) [74]
(17.227494791666672, 17.34920404166667) [72]
(17.33178245833334, 17.453855375000003) [71]
(17.436372875000004, 17.541267875000003) [72]
(17.436372875000004, 17.592814250000004) [40]
(17.541267875000003, 17.661542750000002) [75]
(17.644360625, 17.764635500000004) [76]
(17.747453375000003, 17.867728250000003) [78]
(17.850546125, 17.953638875000003) [69]
(17.850546125, 18.005903625000002) [51]
(17.953638875000003, 18.075589958333335) [72]
(18.058168375000005, 18.180119458333337) [71]
(18.162697875000003, 18.284833000000006) [69]
(18.267227375000004, 18.372861125000004) [67]
(18.267227375000004, 18.425678000000005) [40]
(18.372861125000004, 18.496100500000004) [76]
(18.478494875000006, 18.601734250000003) [78]
(18.584128625000005, 18.707368000000006) [79]
(18.689762375000004, 18.795396125000003) [71]
(18.689762375000004, 18.847299250000003) [52]
(18.795396125000003, 18.91650341666667) [74]
(18.899202375000005, 19.02030966666667) [73]
(19.003008625000003, 19.12411591666667) [71]
(19.106814875000005, 19.210621125000003) [73]
(19.106814875000005, 19.262885875000002) [45]
(19.210621125000003, 19.332572208333335) [76]
(19.315150625000005, 19.437101708333337) [78]
(19.419680125000003, 19.541631208333335) [79]
(19.524209625000005, 19.628739125000003) [69]
(19.524209625000005, 19.680109) [49]
(19.628739125000003, 19.748602166666668) [79]
(19.731478875000004, 19.85134191666667) [78]
(19.834218625000002, 19.954023208333336) [76]
(19.936958375000003, 20.039347375000002) [78]
(19.936958375000003, 20.090600333333338) [38]
(20.039347375000002, 20.159093500000004) [74]
(20.141970208333337, 20.262009750000004) [76]
(20.244827625000003, 20.365221000000002) [78]
(20.347979625000004, 20.451427875000004) [69]
(20.347979625000004, 20.503331000000003) [50]
(20.451427875000004, 20.572535166666672) [72]
(20.555234125000005, 20.67634141666667) [71]
(20.659040375000004, 20.78014766666667) [69]
(20.762846625000005, 20.866652875000003) [71]
(20.762846625000005, 20.918022750000002) [38]
(20.866652875000003, 20.98651591666667) [67]
(20.969392625000005, 21.08925566666667) [69]
(21.072132375000002, 21.192354625000004) [71]
(21.174872125000004, 21.279767125000003) [61]
(21.174872125000004, 21.331313500000004) [50]
(21.279767125000003, 21.400042000000003) [71]
(21.382859875, 21.503134750000005) [69]
(21.485952625000003, 21.606227500000003) [67]
(21.589045375, 21.692138125000003) [66]
(21.589045375, 21.744221500000002) [38]
(21.692138125000003, 21.813666000000005) [62]
(21.796304875000004, 21.917832750000002) [64]
(21.900471625, 22.021999500000003) [66]
(22.004638375000003, 22.108805125000003) [57]
(22.004638375000003, 22.159999625000005) [50]
(22.108805125000003, 22.22825895833334) [60]
(22.211194125000002, 22.330647958333337) [59]
(22.313583125000005, 22.433036958333336) [57]
(22.415972125000003, 22.518361125000002) [59]
(22.415972125000003, 22.569555625000003) [38]
(22.518361125000002, 22.637814958333337) [62]
(22.620750125000004, 22.740203958333336) [64]
(22.723139125000003, 22.842592958333338) [66]
(22.825528125000005, 22.927917125000004) [59]
(22.825528125000005, 22.980364625000004) [50]
(22.927917125000004, 23.050294625000003) [69]
(23.032812125000003, 23.155189625000006) [68]
(23.137707125000006, 23.260084625000005) [66]
(23.242602125000005, 23.347497125000004) [68]
(23.242602125000005, 23.399580500000003) [38]
(23.347497125000004, 23.469025000000006) [64]
(23.451663875000005, 23.573191750000003) [66]
(23.555830625000002, 23.677238333333335) [68]
(23.65993729166667, 23.76374354166667) [59]
(23.65993729166667, 23.81564666666667) [56]
(23.76374354166667, 23.884850833333335) [62]
(23.86754979166667, 23.98835875) [60]
(23.971117375000002, 24.091807000000003) [59]
(24.074565625, 24.177954625) [57]
(24.074565625, 24.229501) [48]
(24.177954625, 24.2982295) [60]
(24.281047375, 24.40132225) [62]
(24.384140125000002, 24.504415) [64]
(24.487232875, 24.590325625) [57]
(24.487232875, 24.642773124999998) [54]
(24.590325625, 24.712703124999997) [67]
(24.695220624999997, 24.817598125) [66]
(24.800115625, 24.922493125) [64]
(24.905010625, 25.009905625) [63]
(24.905010625, 25.061452) [47]
(25.009905625, 25.130180499999998) [57]
(25.112998374999997, 25.23327325) [59]
(25.216091125, 25.336365999999998) [60]
(25.319183874999997, 25.422276625) [57]
(25.319183874999997, 25.473823) [51]
(25.422276625, 25.5425515) [60]
(25.525369374999997, 25.645644249999997) [59]
(25.628462125, 25.748737) [57]
(25.731554874999997, 25.834647625) [55]
(25.731554874999997, 25.88727925) [52]
(25.834647625, 25.95745475) [64]
(25.939910875, 26.062718) [66]
(26.045174125, 26.16798125) [67]
(26.150437375, 26.255700625) [59]
(26.150437375, 26.307247) [55]
(26.255700625, 26.37603475) [62]
(26.358793374999998, 26.479542666666664) [61]
(26.462241624999997, 26.583409) [59]
(26.566047875, 26.670275083333333) [58]
(26.566047875, 26.721644958333332) [47]
(26.670275083333333, 26.790138125) [61]
(26.773014833333335, 26.892877875) [62]
(26.875754583333332, 26.995617625) [64]
(26.978494333333334, 27.08123408333333) [58]
(26.978494333333334, 27.132603958333334) [52]
(27.08123408333333, 27.201097125) [67]
(27.183973833333333, 27.303836875) [66]
(27.286713583333334, 27.406576625) [64]
(27.389453333333332, 27.492193083333333) [73]
(27.389453333333332, 27.543562958333332) [55]
(27.492193083333333, 27.612056125) [70]
(27.594932833333335, 27.714795875) [71]
(27.697672583333333, 27.817535625) [73]
(27.800412333333334, 27.90315208333333) [66]
(27.800412333333334, 27.95559958333333) [58]
(27.90315208333333, 28.02552958333333) [76]
(28.00804708333333, 28.130424583333333) [74]
(28.112942083333333, 28.235319583333332) [73]
(28.217837083333333, 28.32273208333333) [74]
(28.217837083333333, 28.374278458333333) [47]
(28.32273208333333, 28.44300695833333) [71]
(28.42582483333333, 28.546099708333333) [73]
(28.52891758333333, 28.64919245833333) [74]
(28.63201033333333, 28.735103083333332) [66]
(28.63201033333333, 28.786649458333333) [59]
(28.735103083333332, 28.85537795833333) [69]
(28.83819583333333, 28.95847070833333) [68]
(28.941288583333332, 29.06156345833333) [66]
(29.04438133333333, 29.147474083333332) [68]
(29.04438133333333, 29.198961625) [52]
(29.147474083333332, 29.26739633333333) [71]
(29.250331499999998, 29.369611208333332) [72]
(29.352604416666665, 29.47171570833333) [74]
(29.454414666666665, 29.558220916666667) [64]
(29.454414666666665, 29.610485666666666) [56]
(29.558220916666667, 29.680172) [74]
(29.66275041666667, 29.7847015) [72]
(29.767279916666666, 29.889231) [71]
(29.871809416666668, 29.976338916666666) [72]
(29.871809416666668, 30.027885291666667) [45]
(29.976338916666666, 30.096613791666666) [69]
(30.079431666666665, 30.199706541666668) [71]
(30.182524416666666, 30.302799291666666) [72]
(30.285617166666665, 30.388651083333333) [64]
(30.285617166666665, 30.44002095833333) [57]
(30.388651083333333, 30.50839720833333) [67]
(30.491332375, 30.610670125) [66]
(30.593663333333332, 30.712595625) [64]
(30.695646458333332, 30.797514333333332) [66]
(30.695646458333332, 30.848708833333333) [50]
(30.797514333333332, 30.917143541666665) [69]
(30.90002025, 31.020354791666662) [71]
(31.003113416666665, 31.124221541666664) [72]
(31.106860416666663, 31.211027166666664) [62]
(31.106860416666663, 31.263110541666663) [54]
(31.211027166666664, 31.332555041666662) [72]
(31.31519391666666, 31.436721791666663) [71]
(31.419360666666662, 31.54088854166666) [69]
(31.523527416666663, 31.62769416666666) [71]
(31.523527416666663, 31.67906404166666) [43]
(31.62769416666666, 31.747557208333326) [67]
(31.730433916666662, 31.850296958333328) [69]
(31.83317366666666, 31.953457291666663) [71]
(31.93591341666666, 32.04117666666666) [62]
(31.93591341666666, 32.094368166666655) [55]
(32.04117666666666, 32.16529016666666) [71]
(32.14755966666666, 32.27167316666666) [69]
(32.25394266666666, 32.37638541666666) [67]
(32.35890291666666, 32.46379791666666) [74]
(32.35890291666666, 32.51552204166666) [47]
(32.46379791666666, 32.584487541666654) [67]
(32.567246166666656, 32.68805512499999) [69]
(32.67075408333333, 32.79198154166666) [71]
(32.77462041666666, 32.878847624999985) [62]
(32.77462041666666, 32.93166449999998) [55]
(32.878847624999985, 33.00208699999998) [71]
(32.98448137499999, 33.107720749999984) [69]
(33.09011512499998, 33.21335449999999) [67]
(33.195748874999985, 33.30113562499998) [72]
(33.195748874999985, 33.35321899999998) [45]
(33.30113562499998, 33.42266349999998) [69]
(33.40530237499998, 33.52683024999998) [71]
(33.50946912499998, 33.63099699999998) [72]
(33.61363587499998, 33.717802624999976) [64]
(33.61363587499998, 33.76988599999998) [55]
(33.717802624999976, 33.83933049999998) [67]
(33.82196937499998, 33.94349724999998) [66]
(33.92613612499998, 34.047663999999976) [64]
(34.03030287499998, 34.13446962499998) [66]
(34.03030287499998, 34.18601599999998) [50]
(34.13446962499998, 34.25474449999998) [69]
(34.23756237499998, 34.35783724999998) [71]
(34.34065512499998, 34.46092999999998) [72]
(34.44374787499998, 34.54684062499998) [62]
(34.44374787499998, 34.59928812499998) [54]
(34.54684062499998, 34.66921812499998) [72]
(34.65173562499998, 34.77411312499998) [71]
(34.75663062499998, 34.87900812499998) [69]
(34.86152562499998, 34.966420624999984) [71]
(34.86152562499998, 35.018323749999986) [43]
(34.966420624999984, 35.08752791666665) [67]
(35.07022687499998, 35.19133416666665) [69]
(35.17403312499999, 35.29514041666665) [71]
(35.277839374999985, 35.38164562499998) [62]
(35.277839374999985, 35.433548749999986) [55]
(35.38164562499998, 35.50275291666665) [66]
(35.48545187499998, 35.60655916666665) [64]
(35.589258124999986, 35.71030574999998) [62]
(35.693064374999985, 35.796512624999984) [64]
(35.693064374999985, 35.848236749999984) [43]
(35.796512624999984, 35.91696524999998) [67]
(35.899783124999985, 36.01994033333332) [69]
(36.002817041666646, 36.122680083333314) [71]
(36.10555679166665, 36.20800424999998) [64]
(36.10555679166665, 36.25919874999998) [55]
(36.20800424999998, 36.32745808333331) [74]
(36.31039324999998, 36.429847083333314) [73]
(36.41278224999998, 36.532236083333316) [71]
(36.51517124999998, 36.61756024999998) [73]
(36.51517124999998, 36.668754749999984) [43]
(36.61756024999998, 36.737014083333314) [69]
(36.71994924999998, 36.839403083333316) [71]
(36.82233824999998, 36.94179208333331) [73]
(36.92472724999998, 37.02711624999998) [64]
(36.92472724999998, 37.07831074999998) [49]
(37.02711624999998, 37.146570083333316) [67]
(37.12950524999998, 37.24895908333331) [66]
(37.23189424999998, 37.35129004166665) [64]
(37.334283249999984, 37.436323999999985) [62]
(37.334283249999984, 37.487402416666654) [42]
(37.436323999999985, 37.555661749999985) [66]
(37.53859691666665, 37.658226124999985) [67]
(37.64110283333332, 37.761024708333316) [69]
(37.74384258333332, 37.84693533333332) [59]
(37.74384258333332, 37.89938283333332) [50]
(37.84693533333332, 37.96931283333332) [69]
(37.95183033333332, 38.07420783333332) [67]
(38.05672533333332, 38.17910283333332) [66]
(38.16162033333332, 38.266515333333324) [67]
(38.16162033333332, 38.31896283333332) [40]
(38.266515333333324, 38.38889283333332) [64]
(38.37141033333332, 38.49378783333332) [66]
(38.47630533333332, 38.59868283333332) [67]
(38.58120033333332, 38.68609533333332) [59]
(38.58120033333332, 38.73799845833332) [50]
(38.68609533333332, 38.80720262499999) [62]
(38.78990158333332, 38.911008874999986) [61]
(38.89370783333332, 39.014815124999984) [59]
(38.99751408333332, 39.10132033333332) [61]
(38.99751408333332, 39.15322345833332) [45]
(39.10132033333332, 39.22242762499999) [64]
(39.20512658333332, 39.326233874999986) [66]
(39.30893283333332, 39.430040124999984) [67]
(39.41273908333332, 39.51654533333332) [57]
(39.41273908333332, 39.56899283333332) [49]
(39.51654533333332, 39.63892283333332) [67]
(39.62144033333332, 39.74381783333332) [66]
(39.72633533333332, 39.848712833333316) [64]
(39.831230333333316, 39.93612533333332) [66]
(39.831230333333316, 39.988028458333325) [38]
(39.93612533333332, 40.05723262499999) [62]
(40.03993158333332, 40.16103887499999) [64]
(40.143737833333326, 40.26478545833332) [66]
(40.247544083333324, 40.35099233333332) [57]
(40.247544083333324, 40.40271645833332) [50]
(40.35099233333332, 40.47144495833332) [66]
(40.454262833333324, 40.57447887499999) [64]
(40.557355583333326, 40.677218624999995) [62]
(40.660095333333324, 40.76260124999999) [69]
(40.660095333333324, 40.81379574999999) [42]
(40.76260124999999, 40.88205508333333) [66]
(40.86499024999999, 40.98444408333332) [67]
(40.96737924999999, 41.086833083333325) [69]
(41.06976824999999, 41.17215724999999) [62]
(41.06976824999999, 41.22460474999999) [57]
(41.17215724999999, 41.29453474999999) [72]
(41.27705224999999, 41.39942974999999) [71]
(41.38194724999999, 41.50432474999999) [69]
(41.48684224999999, 41.591737249999994) [71]
(41.48684224999999, 41.643461374999994) [43]
(41.591737249999994, 41.71242687499999) [67]
(41.695185499999994, 41.81587512499999) [69]
(41.79863374999999, 41.919323375) [71]
(41.90208199999999, 42.00553024999999) [62]
(41.90208199999999, 42.05690012499999) [55]
(42.00553024999999, 42.12539329166666) [71]
(42.10826999999999, 42.22813304166666) [69]
(42.211009749999995, 42.33087279166666) [67]
(42.31374949999999, 42.41648924999999) [74]
(42.31374949999999, 42.46785912499999) [47]
(42.41648924999999, 42.53635229166666) [71]
(42.519228999999996, 42.63909204166666) [73]
(42.62196874999999, 42.74171529166666) [74]
(42.72470849999999, 42.82674924999999) [68]
(42.72470849999999, 42.87901399999999) [62]
(42.82674924999999, 42.94870033333333) [77]
(42.93127874999999, 43.053229833333326) [76]
(43.035808249999995, 43.157759333333324) [74]
(43.14033774999999, 43.24486724999999) [73]
(43.14033774999999, 48.13961449999999) [45]
(43.24486724999999, 43.36681833333333) [69]
(43.34939674999999, 43.471347833333326) [71]
(43.453926249999995, 43.575877333333324) [73]
(43.55845574999999, 43.66298524999999) [64]
(43.55845574999999, 43.71470937499999) [55]
(43.66298524999999, 43.78367487499999) [67]
(43.76643349999999, 43.88712312499999) [66]
(43.86988174999999, 43.990571374999995) [64]
(43.97332999999999, 44.07677824999999) [69]
(43.97332999999999, 44.129409874999986) [54]
(44.07677824999999, 44.19958537499999) [74]
(44.18204149999999, 44.30484862499999) [76]
(44.28730474999999, 44.41011187499999) [78]
(44.39256799999999, 44.49783124999999) [71]
(44.39256799999999, 44.54937762499999) [50]
(44.49783124999999, 44.61810612499999) [81]
(44.60092399999999, 44.72119887499999) [79]
(44.70401674999999, 44.824291624999994) [78]
(44.80710949999999, 44.91020224999999) [79]
(44.80710949999999, 44.96301912499999) [52]
(44.91020224999999, 45.03344162499999) [73]
(45.01583599999999, 45.13907537499999) [74]
(45.12146974999999, 45.24470912499999) [76]
(45.22710349999999, 45.332737249999994) [69]
(45.22710349999999, 45.38410712499999) [49]
(45.332737249999994, 45.45260029166666) [79]
(45.43547699999999, 45.55534004166666) [78]
(45.53821675, 45.65807979166666) [76]
(45.640956499999994, 45.74369624999999) [78]
(45.640956499999994, 45.79596099999999) [50]
(45.74369624999999, 45.86564733333333) [71]
(45.84822574999999, 45.970176833333326) [73]
(45.952755249999996, 46.074706333333324) [74]
(46.057284749999994, 46.16181424999999) [68]
(46.057284749999994, 46.213897624999994) [47]
(46.16181424999999, 46.28334212499999) [78]
(46.26598099999999, 46.387508874999995) [76]
(46.370147749999994, 46.49167562499999) [74]
(46.47431449999999, 46.57848124999999) [73]
(46.57848124999999, 46.700009124999994) [52, 67]
(46.68264799999999, 46.80417587499999) [54, 69]
(46.78681474999999, 46.90834262499999) [55, 70]
(46.890981499999995, 46.99514824999999) [49, 64]
(46.99514824999999, 47.11667612499999) [52, 67]
(47.09931499999999, 47.220842874999995) [50, 65]
(47.203481749999995, 47.32500962499999) [49, 64]
(47.30764849999999, 47.41181524999999) [50, 65]
(47.41181524999999, 47.53419274999999) [53, 74]
(47.51671024999999, 47.63908774999999) [55, 76]
(47.62160524999999, 47.74398274999999) [57, 77]
(47.72650024999999, 47.83139524999999) [52, 73]
(47.83139524999999, 47.95125829166666) [55, 76]
(47.93413499999999, 48.05399804166666) [53, 74]
(48.036874749999996, 48.15709699999999) [52, 73]
(48.13961449999999, 48.24450949999999) [74, 53]
(48.24450949999999, 48.36437254166666) [50, 82]
(48.34724924999999, 48.467113041666664) [81, 52]
(48.44993091666666, 48.570920125) [79, 53]
(48.553559, 48.65827216666667) [77, 45]
(48.65827216666667, 48.78182395833334) [48, 76]
(48.76409345833334, 48.88896770833334) [74, 46]
(48.87104654166667, 48.99657758333334) [73, 45]
(48.97915600000001, 49.08368550000001) [74]
(48.97915600000001, 51.45934595833333) [44]
(49.08368550000001, 49.204375125000006) [77]
(49.18713375000001, 49.307823375000005) [76]
(49.29058200000001, 49.41127162500001) [74]
(49.39403025000001, 49.49747850000001) [83]
(49.49747850000001, 49.617341541666676) [80]
(49.600218250000005, 49.72008129166667) [81]
(49.70295800000001, 49.82282104166667) [83]
(49.80569775000001, 49.908437500000005) [77]
(49.908437500000005, 50.028300541666674) [74]
(50.01117725000001, 50.13104029166667) [76]
(50.11391700000001, 50.23378004166668) [77]
(50.216656750000006, 50.3193965) [71]
(50.3193965, 50.43925954166667) [68]
(50.42213625000001, 50.54199929166667) [69]
(50.524876000000006, 50.64468058333334) [71]
(50.627615750000004, 50.730063208333334) [64]
(50.730063208333334, 50.850102750000005) [66]
(50.83292062500001, 50.9534325) [68]
(50.936191125, 51.05723916666667) [69]
(51.03987804166667, 51.16152683333333) [71]
(51.144105249999996, 51.26623908333333) [73]
(51.24875658333333, 51.37137958333333) [74]
(51.35383570833333, 51.47752779166667) [76]
(51.45934595833333, 52.122982458333325) [77]
(51.45934595833333, 53.353553916666655) [45]
(51.56843695833333, 51.67752795833333) [73]
(51.67752795833333, 51.78661895833333) [74]
(51.67752795833333, 51.89570995833333) [57]
(51.78661895833333, 51.89570995833333) [69]
(51.89570995833333, 52.009346208333326) [70]
(51.89570995833333, 52.122982458333325) [55]
(52.009346208333326, 52.122982458333325) [67]
(52.122982458333325, 52.352212749999985) [49]
(52.122982458333325, 52.585686874999986) [76]
(52.23719604166666, 52.352212749999985) [67]
(52.352212749999985, 52.46826841666665) [69]
(52.352212749999985, 52.585686874999986) [53]
(52.46826841666665, 52.585686874999986) [65]
(52.585686874999986, 52.82474270833332) [50]
(52.585686874999986, 53.07169462499999) [74]
(52.70450041666665, 52.82474270833332) [65]
(52.82474270833332, 52.94694820833332) [67]
(52.82474270833332, 53.07169462499999) [52]
(52.94694820833332, 53.07169462499999) [64]
(53.07169462499999, 53.353553916666655) [73, 55]
(53.21455187499999, 53.353553916666655) [64]
(53.353553916666655, 54.18688691666666) [45]
(53.40563722916666, 54.18688691666666) [50]
(53.45772054166665, 54.18688691666666) [53]
(53.509803854166655, 54.18688691666666) [56]
(53.56188716666666, 54.18688691666666) [59]
(53.61397047916665, 54.18688691666666) [62]
(53.666053791666656, 54.18688691666666) [65]
(53.71813710416666, 54.18688691666666) [68]
(53.77022041666665, 54.18688691666666) [71]
(53.822303729166656, 54.26885416666666) [74]
(54.26885416666666, 54.35082141666666) [73]
(54.35082141666666, 54.43278866666666) [71]
(54.43278866666666, 54.514458916666655) [69]
(54.514458916666655, 54.595980666666655) [68]
(54.595980666666655, 54.67706179166665) [66]
(54.67706179166665, 54.75785224999999) [64]
(54.75785224999999, 54.83835362499999) [66]
(54.83835362499999, 54.918283083333314) [68]
(54.918283083333314, 54.99750895833331) [69]
(54.99750895833331, 55.07618074999998) [71]
(55.07618074999998, 55.15417083333331) [73]
(55.15417083333331, 55.23162399999998) [74]
(55.23162399999998, 55.308416291666646) [76]
(55.308416291666646, 55.38468791666665) [77]
(55.38468791666665, 55.460318624999985) [76]
(55.460318624999985, 55.53531862499999) [74]
(55.53531862499999, 55.610318624999984) [73]
(55.610318624999984, 55.68531862499999) [71]
(55.68531862499999, 55.76031862499998) [69]
(55.76031862499998, 55.835318624999985) [68]
(55.835318624999985, 55.91031862499999) [66]
(55.91031862499999, 55.985318624999984) [64]
(55.985318624999984, 56.06031862499999) [62]
(56.06031862499999, 56.476985124999985) [61]
(56.11240193749999, 56.476985124999985) [64]
(56.164485249999984, 56.476985124999985) [67]
(56.21656856249999, 56.476985124999985) [70]
(56.26865187499999, 56.476985124999985) [73]
(56.320735187499984, 56.476985124999985) [76]
(56.37281849999999, 56.476985124999985) [79]
(56.42490181249999, 56.476985124999985) [82]
(56.89365162499999, 57.31031812499999) [62]
(56.945734937499985, 57.31031812499999) [65]
(56.99781824999999, 57.31031812499999) [68]
(57.04990156249999, 57.31031812499999) [71]
(57.101984874999985, 57.31031812499999) [74]
(57.15406818749999, 57.31031812499999) [77]
(57.20615149999999, 57.31031812499999) [80]
(57.258234812499985, 57.31031812499999) [83]
(57.726984624999986, 58.481701624999985) [52, 74]
(57.726984624999986, 59.298028624999986) [57, 64, 69, 45]
(58.481701624999985, 59.298028624999986) [55, 73]
(59.298028624999986, 61.74700962499998) [54, 69, 66, 74, 57, 50]
(64.74700962499998, 64.87200962499998) [50]
(64.87200962499998, 64.99700962499998) [52]
(64.99700962499998, 65.12200962499998) [54]
(65.12200962499998, 65.24700962499998) [55]
(65.24700962499998, 65.37200962499998) [54]
(65.37200962499998, 65.49700962499998) [52]
(65.49700962499998, 65.62200962499998) [54]
(65.62200962499998, 65.74700962499998) [50]
(65.74700962499998, 66.49700962499998) [59]
(66.49700962499998, 66.74700962499998) [59]
(66.74700962499998, 67.49700962499998) [57]
(67.49700962499998, 67.74700962499998) [55]
(67.74700962499998, 68.49700962499998) [54]
(68.49700962499998, 68.74700962499998) [55]
(68.74700962499998, 68.87200962499998) [57]
(68.74700962499998, 69.49700962499998) [54]
(68.87200962499998, 68.99700962499998) [59]
(68.99700962499998, 69.12200962499998) [61]
(69.12200962499998, 69.24700962499998) [62]
(69.24700962499998, 69.37200962499998) [61]
(69.37200962499998, 69.49700962499998) [59]
(69.49700962499998, 69.62200962499998) [61]
(69.49700962499998, 69.74700962499998) [52]
(69.62200962499998, 69.74700962499998) [57]
(69.74700962499998, 70.49700962499998) [66]
(69.74700962499998, 70.74700962499998) [50]
(70.49700962499998, 70.74700962499998) [66]
(70.74700962499998, 71.49700962499998) [64]
(70.74700962499998, 71.74700962499998) [52]
(71.49700962499998, 71.74700962499998) [62]
(71.74700962499998, 72.49700962499998) [45]
(71.74700962499998, 72.74700962499998) [61]
(72.49700962499998, 72.58034295833332) [52]
(72.58034295833332, 72.66367629166665) [54]
(72.66367629166665, 72.74700962499998) [55]
(72.74700962499998, 73.49700962499998) [66]
(72.74700962499998, 74.74700962499998) [57]
(73.49700962499998, 73.74700962499998) [66]
(73.74700962499998, 74.49700962499998) [59]
(74.49700962499998, 74.58034295833332) [59]
(74.58034295833332, 74.66367629166665) [61]
(74.66367629166665, 74.74700962499998) [62]
(74.74700962499998, 74.99700962499998) [64]
(74.74700962499998, 76.49700962499998) [55]
(74.99700962499998, 75.24700962499998) [62]
(75.24700962499998, 75.49700962499998) [64]
(75.49700962499998, 75.74700962499998) [61]
(75.74700962499998, 76.74700962499998) [57]
(76.49700962499998, 76.62200962499998) [54]
(76.62200962499998, 76.74700962499998) [52]
(76.74700962499998, 76.87200962499998) [62, 62]
(76.74700962499998, 77.49700962499998) [54]
(76.87200962499998, 76.99700962499998) [64]
(76.99700962499998, 77.12200962499998) [66]
(77.12200962499998, 77.24700962499998) [67]
(77.24700962499998, 77.37200962499998) [66]
(77.37200962499998, 77.49700962499998) [64]
(77.49700962499998, 77.62200962499998) [66]
(77.49700962499998, 77.74700962499998) [54]
(77.62200962499998, 77.74700962499998) [62]
(77.74700962499998, 78.49700962499998) [55, 71]
(78.49700962499998, 78.74700962499998) [52, 71]
(78.74700962499998, 79.49700962499998) [57, 69]
(78.74700962499998, 79.74700962499998) [61]
(79.49700962499998, 79.74700962499998) [45, 67]
(79.74700962499998, 80.49700962499998) [50, 66]
(79.74700962499998, 80.74700962499998) [62]
(80.49700962499998, 80.74700962499998) [52, 68]
(80.74700962499998, 80.87200962499998) [69, 69]
(80.74700962499998, 81.49700962499998) [54]
(80.74700962499998, 81.74700962499998) [61]
(80.87200962499998, 80.99700962499998) [71]
(80.99700962499998, 81.12200962499998) [73]
(81.12200962499998, 81.24700962499998) [74]
(81.24700962499998, 81.37200962499998) [73]
(81.37200962499998, 81.49700962499998) [71]
(81.49700962499998, 81.62200962499998) [73]
(81.49700962499998, 81.74700962499998) [52]
(81.62200962499998, 81.74700962499998) [69]
(81.74700962499998, 82.49700962499998) [54, 78]
(81.74700962499998, 83.74700962499998) [59]
(82.49700962499998, 82.74700962499998) [50, 78]
(82.74700962499998, 83.49700962499998) [76]
(82.74700962499998, 83.74700962499998) [52, 68]
(83.49700962499998, 83.74700962499998) [74]
(83.74700962499998, 84.49700962499998) [73]
(83.74700962499998, 84.74700962499998) [45, 57, 69]
(84.49700962499998, 84.58034295833332) [76]
(84.58034295833332, 84.66367629166665) [78]
(84.66367629166665, 84.74700962499998) [79]
(84.74700962499998, 84.87200962499998) [66]
(84.74700962499998, 85.49700962499998) [81]
(84.74700962499998, 85.74700962499998) [73]
(84.87200962499998, 84.99700962499998) [67]
(84.99700962499998, 85.12200962499998) [69]
(85.12200962499998, 85.24700962499998) [71]
(85.24700962499998, 85.37200962499998) [69]
(85.37200962499998, 85.49700962499998) [67]
(85.49700962499998, 85.62200962499998) [69]
(85.49700962499998, 85.74700962499998) [81]
(85.62200962499998, 85.74700962499998) [66]
(85.74700962499998, 86.49700962499998) [81]
(85.74700962499998, 86.58034295833332) [74]
(85.74700962499998, 86.74700962499998) [71]
(86.49700962499998, 86.58034295833332) [74]
(86.58034295833332, 86.66367629166665) [76]
(86.66367629166665, 86.74700962499998) [78]
(86.74700962499998, 86.87200962499998) [64]
(86.74700962499998, 87.49700962499998) [79]
(86.74700962499998, 87.74700962499998) [74]
(86.87200962499998, 86.99700962499998) [66]
(86.99700962499998, 87.12200962499998) [67]
(87.12200962499998, 87.24700962499998) [69]
(87.24700962499998, 87.37200962499998) [67]
(87.37200962499998, 87.49700962499998) [66]
(87.49700962499998, 87.62200962499998) [67]
(87.49700962499998, 87.74700962499998) [79]
(87.62200962499998, 87.74700962499998) [64]
(87.74700962499998, 88.49700962499998) [73]
(87.74700962499998, 88.74700962499998) [69, 79]
(88.49700962499998, 88.58034295833332) [76]
(88.58034295833332, 88.66367629166665) [74]
(88.66367629166665, 88.74700962499998) [73]
(88.74700962499998, 88.87200962499998) [38]
(88.74700962499998, 89.49700962499998) [69, 74, 78]
(88.87200962499998, 88.99700962499998) [40]
(88.99700962499998, 89.12200962499998) [42]
(89.12200962499998, 89.24700962499998) [43]
(89.24700962499998, 89.37200962499998) [42]
(89.37200962499998, 89.49700962499998) [40]
(89.49700962499998, 89.62200962499998) [42]
(89.49700962499998, 89.74700962499998) [67, 73, 76]
(89.62200962499998, 89.74700962499998) [38]
(89.74700962499998, 90.49700962499998) [47, 66, 74]
(89.74700962499998, 90.74700962499998) [71]
(90.49700962499998, 90.74700962499998) [47, 76, 67]
(90.74700962499998, 91.49700962499998) [45, 73]
(90.74700962499998, 91.74700962499998) [69, 64]
(91.49700962499998, 91.74700962499998) [43, 73]
(91.74700962499998, 92.49700962499998) [42]
(91.74700962499998, 92.74700962499998) [62, 69, 73]
(92.49700962499998, 92.58034295833332) [50]
(92.58034295833332, 92.66367629166665) [52]
(92.66367629166665, 92.74700962499998) [54]
(92.74700962499998, 92.87200962499998) [71, 71]
(92.74700962499998, 93.49700962499998) [55]
(92.74700962499998, 93.74700962499998) [62]
(92.87200962499998, 92.99700962499998) [73]
(92.99700962499998, 93.12200962499998) [74]
(93.12200962499998, 93.24700962499998) [76]
(93.24700962499998, 93.37200962499998) [74]
(93.37200962499998, 93.49700962499998) [73]
(93.49700962499998, 93.62200962499998) [74]
(93.49700962499998, 93.74700962499998) [54]
(93.62200962499998, 93.74700962499998) [71]
(93.74700962499998, 94.49700962499998) [55, 79]
(93.74700962499998, 95.74700962499998) [61]
(94.49700962499998, 94.74700962499998) [52, 79]
(94.74700962499998, 95.49700962499998) [78]
(94.74700962499998, 95.74700962499998) [54, 70]
(95.49700962499998, 95.74700962499998) [76]
(95.74700962499998, 95.87200962499998) [47]
(95.74700962499998, 96.74700962499998) [59, 71, 74]
(95.87200962499998, 95.99700962499998) [49]
(95.99700962499998, 96.12200962499998) [50]
(96.12200962499998, 96.24700962499998) [52]
(96.24700962499998, 96.37200962499998) [50]
(96.37200962499998, 96.49700962499998) [49]
(96.49700962499998, 96.62200962499998) [50]
(96.62200962499998, 96.74700962499998) [47]
(96.74700962499998, 96.99700962499998) [83]
(96.74700962499998, 97.24700962499998) [56]
(96.99700962499998, 97.24700962499998) [81]
(97.24700962499998, 97.49700962499998) [83]
(97.49700962499998, 97.74700962499998) [80]
(97.74700962499998, 97.99700962499998) [80]
(97.74700962499998, 98.49700962499998) [71, 74]
(97.99700962499998, 98.24700962499998) [78]
(98.24700962499998, 98.49700962499998) [80]
(98.49700962499998, 98.74700962499998) [68, 71, 76]
(98.74700962499998, 98.99700962499998) [76]
(98.74700962499998, 99.49700962499998) [68, 71]
(98.99700962499998, 99.24700962499998) [74]
(99.24700962499998, 99.49700962499998) [76]
(99.49700962499998, 99.74700962499998) [64, 69, 73]
(99.74700962499998, 99.87200962499998) [45]
(99.74700962499998, 100.74700962499998) [64, 69, 73]
(99.87200962499998, 99.99700962499998) [47]
(99.99700962499998, 100.12200962499998) [49]
(100.12200962499998, 100.24700962499998) [50]
(100.24700962499998, 100.37200962499998) [49]
(100.37200962499998, 100.49700962499998) [47]
(100.49700962499998, 100.62200962499998) [49]
(100.62200962499998, 100.74700962499998) [45]
(100.74700962499998, 100.99700962499998) [81]
(100.74700962499998, 101.24700962499998) [54]
(100.99700962499998, 101.24700962499998) [79]
(101.24700962499998, 101.49700962499998) [81]
(101.49700962499998, 101.74700962499998) [78]
(101.74700962499998, 101.99700962499998) [78]
(101.74700962499998, 102.49700962499998) [69, 72]
(101.99700962499998, 102.24700962499998) [76]
(102.24700962499998, 102.49700962499998) [78]
(102.49700962499998, 102.74700962499998) [66, 69, 74]
(102.74700962499998, 102.99700962499998) [74]
(102.74700962499998, 103.49700962499998) [66, 69]
(102.99700962499998, 103.24700962499998) [72]
(103.24700962499998, 103.49700962499998) [74]
(103.49700962499998, 103.74700962499998) [62, 67, 71]
(103.74700962499998, 103.87200962499998) [43]
(103.74700962499998, 104.74284295833331) [67]
(103.74700962499998, 104.74700962499998) [71, 62]
(103.87200962499998, 103.99700962499998) [45]
(103.99700962499998, 104.12200962499998) [47]
(104.12200962499998, 104.24700962499998) [48]
(104.24700962499998, 104.37200962499998) [47]
(104.37200962499998, 104.49700962499998) [45]
(104.49700962499998, 104.62200962499998) [47]
(104.62200962499998, 104.74700962499998) [43]
(104.74700962499998, 104.87200962499998) [67]
(104.74700962499998, 105.49700962499998) [52]
(104.87200962499998, 104.99700962499998) [69]
(104.99700962499998, 105.12200962499998) [71]
(105.12200962499998, 105.24700962499998) [72]
(105.24700962499998, 105.37200962499998) [71]
(105.37200962499998, 105.49700962499998) [69]
(105.49700962499998, 105.62200962499998) [71]
(105.49700962499998, 105.74700962499998) [50]
(105.62200962499998, 105.74700962499998) [67]
(105.74700962499998, 106.49700962499998) [76]
(105.74700962499998, 106.74700962499998) [48]
(106.49700962499998, 106.74700962499998) [76]
(106.74700962499998, 107.49700962499998) [74]
(106.74700962499998, 107.74700962499998) [50]
(107.49700962499998, 107.74700962499998) [72]
(107.74700962499998, 108.49700962499998) [55, 71]
(108.49700962499998, 108.74700962499998) [57, 73]
(108.74700962499998, 108.87200962499998) [62]
(108.74700962499998, 109.49700962499998) [59]
(108.74700962499998, 110.74700962499998) [74]
(108.87200962499998, 108.99700962499998) [64]
(108.99700962499998, 109.12200962499998) [66]
(109.12200962499998, 109.24700962499998) [67]
(109.24700962499998, 109.37200962499998) [66]
(109.37200962499998, 109.49700962499998) [64]
(109.49700962499998, 109.62200962499998) [66]
(109.49700962499998, 109.74700962499998) [57]
(109.62200962499998, 109.74700962499998) [62]
(109.74700962499998, 110.49700962499998) [55, 71]
(110.49700962499998, 110.74700962499998) [52, 71]
(110.74700962499998, 111.49700962499998) [57, 69]
(110.74700962499998, 111.74700962499998) [73]
(111.49700962499998, 111.74700962499998) [45, 67]
(111.74700962499998, 111.87200962499998) [47]
(111.74700962499998, 112.49700962499998) [66]
(111.74700962499998, 112.74700962499998) [74]
(111.87200962499998, 111.99700962499998) [49]
(111.99700962499998, 112.12200962499998) [50]
(112.12200962499998, 112.24700962499998) [52]
(112.24700962499998, 112.37200962499998) [50]
(112.37200962499998, 112.49700962499998) [49]
(112.49700962499998, 112.62200962499998) [50]
(112.49700962499998, 112.74700962499998) [69]
(112.62200962499998, 112.74700962499998) [47]
(112.74700962499998, 112.87200962499998) [74, 74]
(112.74700962499998, 113.49700962499998) [59]
(112.87200962499998, 112.99700962499998) [76]
(112.99700962499998, 113.12200962499998) [78]
(113.12200962499998, 113.24700962499998) [79]
(113.24700962499998, 113.37200962499998) [78]
(113.37200962499998, 113.49700962499998) [76]
(113.49700962499998, 113.62200962499998) [78]
(113.49700962499998, 113.74700962499998) [57]
(113.62200962499998, 113.74700962499998) [74]
(113.74700962499998, 114.49700962499998) [55, 83]
(114.49700962499998, 114.74700962499998) [52, 83]
(114.74700962499998, 115.49700962499998) [57, 81]
(114.74700962499998, 116.74700962499998) [72]
(115.49700962499998, 115.74700962499998) [45, 79]
(115.74700962499998, 116.49700962499998) [78]
(115.74700962499998, 116.74700962499998) [50]
(116.49700962499998, 116.58034295833332) [74]
(116.58034295833332, 116.66367629166665) [76]
(116.66367629166665, 116.74700962499998) [78]
(116.74700962499998, 116.87200962499998) [55]
(116.74700962499998, 117.49700962499998) [79]
(116.74700962499998, 117.74700962499998) [71, 52]
(116.87200962499998, 116.99700962499998) [57]
(116.99700962499998, 117.12200962499998) [59]
(117.12200962499998, 117.24700962499998) [60]
(117.24700962499998, 117.37200962499998) [59]
(117.37200962499998, 117.49700962499998) [57]
(117.49700962499998, 117.62200962499998) [59]
(117.49700962499998, 117.74700962499998) [79]
(117.62200962499998, 117.74700962499998) [55]
(117.74700962499998, 118.49700962499998) [60, 64, 79]
(117.74700962499998, 119.74700962499998) [69]
(118.49700962499998, 118.74700962499998) [57, 64, 81]
(118.74700962499998, 119.49700962499998) [62, 78]
(119.49700962499998, 119.74700962499998) [50, 78, 60]
(119.74700962499998, 120.49700962499998) [78]
(119.74700962499998, 120.74700962499998) [67, 59, 55]
(120.49700962499998, 120.62200962499998) [76]
(120.62200962499998, 120.74700962499998) [75]
(120.74700962499998, 120.87200962499998) [40]
(120.74700962499998, 121.74700962499998) [67, 71]
(120.74700962499998, 122.49700962499998) [76]
(120.87200962499998, 120.99700962499998) [42]
(120.99700962499998, 121.12200962499998) [43]
(121.12200962499998, 121.24700962499998) [45]
(121.24700962499998, 121.37200962499998) [43]
(121.37200962499998, 121.49700962499998) [42]
(121.49700962499998, 121.62200962499998) [43]
(121.62200962499998, 121.74700962499998) [40]
(121.74700962499998, 122.49700962499998) [48]
(121.74700962499998, 124.74700962499998) [69, 66]
(122.49700962499998, 122.74700962499998) [48, 75]
(122.74700962499998, 123.49700962499998) [47, 76]
(123.49700962499998, 123.74700962499998) [45, 78]
(123.74700962499998, 124.49700962499998) [43, 71]
(124.49700962499998, 124.62200962499998) [72]
(124.49700962499998, 124.74700962499998) [42]
(124.62200962499998, 124.74700962499998) [69]
(124.74700962499998, 125.49700962499998) [43, 71, 67, 64]
(125.49700962499998, 125.74492629166664) [64]
(125.49700962499998, 125.74700962499998) [72, 54, 45]
(125.74700962499998, 126.51624037499998) [55]
(125.74700962499998, 126.77265062499997) [67, 64]
(125.74700962499998, 127.84407962499996) [47]
(126.51624037499998, 126.77265062499997) [57]
(126.77265062499997, 127.57622237499997) [59]
(126.77265062499997, 127.84407962499996) [63, 66]
(127.57622237499997, 127.84407962499996) [57]
(127.84407962499996, 127.96907962499996) [64, 64]
(127.84407962499996, 128.84407962499995) [52, 55]
(127.96907962499996, 128.09407962499995) [66]
(128.09407962499995, 128.21907962499995) [67]
(128.21907962499995, 128.34407962499995) [69]
(128.34407962499995, 128.46907962499995) [67]
(128.46907962499995, 128.59407962499995) [66]
(128.59407962499995, 128.71907962499995) [67]
(128.71907962499995, 128.84407962499995) [64]
(128.84407962499995, 129.09407962499995) [59]
(128.84407962499995, 129.34407962499995) [79]
(129.09407962499995, 129.34407962499995) [57]
(129.34407962499995, 129.59407962499995) [59]
(129.59407962499995, 129.84407962499995) [55]
(129.84407962499995, 130.09407962499995) [55]
(129.84407962499995, 130.59407962499995) [59, 64]
(130.09407962499995, 130.34407962499995) [54]
(130.34407962499995, 130.59407962499995) [55]
(130.59407962499995, 130.83594960416661) [55, 61]
(130.59407962499995, 130.83798212499994) [52]
(130.83798212499994, 131.08188462499996) [52]
(130.83798212499994, 131.56968962499994) [55, 61]
(131.08188462499996, 131.32578712499995) [50]
(131.32578712499995, 131.56968962499994) [52]
(131.56968962499994, 131.83517637499995) [49, 52, 57]
(131.83517637499995, 131.96017637499995) [69]
(131.83517637499995, 132.83517637499995) [49, 52, 57]
(131.96017637499995, 132.08517637499995) [71]
(132.08517637499995, 132.21017637499995) [73]
(132.21017637499995, 132.33517637499995) [74]
(132.33517637499995, 132.46017637499995) [73]
(132.46017637499995, 132.58517637499995) [71]
(132.58517637499995, 132.71017637499995) [73]
(132.71017637499995, 132.83517637499995) [69]
(132.83517637499995, 133.08517637499995) [57]
(132.83517637499995, 133.33517637499995) [78]
(133.08517637499995, 133.33517637499995) [55]
(133.33517637499995, 133.58517637499995) [57]
(133.58517637499995, 133.83517637499995) [54]
(133.83517637499995, 134.08517637499995) [54]
(133.83517637499995, 134.58517637499995) [57, 62]
(134.08517637499995, 134.33517637499995) [52]
(134.33517637499995, 134.58517637499995) [54]
(134.58517637499995, 134.83309304166661) [54, 59]
(134.58517637499995, 134.83517637499995) [50]
(134.83517637499995, 135.08345470833328) [50]
(134.83517637499995, 135.57393087499992) [54, 59]
(135.08345470833328, 135.3296951666666) [49]
(135.3296951666666, 135.57393087499992) [50]
(135.57393087499992, 135.8303411249999) [47, 50, 55]
(135.8303411249999, 135.9553411249999) [67]
(135.8303411249999, 136.8303411249999) [47, 50, 55]
(135.9553411249999, 136.0803411249999) [69]
(136.0803411249999, 136.2053411249999) [71]
(136.2053411249999, 136.3303411249999) [72]
(136.3303411249999, 136.4553411249999) [71]
(136.4553411249999, 136.5803411249999) [69]
(136.5803411249999, 136.7053411249999) [71]
(136.7053411249999, 136.8303411249999) [67]
(136.8303411249999, 137.0803411249999) [55]
(136.8303411249999, 137.3303411249999) [76]
(137.0803411249999, 137.3303411249999) [54]
(137.3303411249999, 137.5803411249999) [55]
(137.5803411249999, 137.8262428749999) [52]
(137.8262428749999, 138.0721446249999) [52]
(137.8262428749999, 138.5639481249999) [55, 61]
(138.0721446249999, 138.3180463749999) [50]
(138.3180463749999, 138.5639481249999) [52]
(138.5639481249999, 138.8078006937499) [52, 57]
(138.5639481249999, 138.8098498749999) [49]
(138.8098498749999, 139.0557516249999) [49]
(138.8098498749999, 139.54755512499992) [52, 57]
(139.0557516249999, 139.30165337499992) [47]
(139.30165337499992, 139.54755512499992) [49]
(139.54755512499992, 139.80625071249992) [49, 54]
(139.54755512499992, 139.80842462499993) [45]
(139.80842462499993, 139.93342462499993) [66]
(139.80842462499993, 140.80842462499993) [45, 49, 54]
(139.93342462499993, 140.05842462499993) [67]
(140.05842462499993, 140.18342462499993) [69]
(140.18342462499993, 140.30842462499993) [71]
(140.30842462499993, 140.43342462499993) [69]
(140.43342462499993, 140.55842462499993) [67]
(140.55842462499993, 140.68342462499993) [69]
(140.68342462499993, 140.80842462499993) [66]
(140.80842462499993, 140.93342462499993) [59]
(140.80842462499993, 141.55842462499993) [74]
(140.93342462499993, 141.05842462499993) [61]
(141.05842462499993, 141.18342462499993) [62]
(141.18342462499993, 141.30842462499993) [64]
(141.30842462499993, 141.43342462499993) [62]
(141.43342462499993, 141.55842462499993) [61]
(141.55842462499993, 141.68342462499993) [62]
(141.55842462499993, 141.80842462499993) [74]
(141.68342462499993, 141.80842462499993) [59]
(141.80842462499993, 141.93342462499993) [52]
(141.80842462499993, 142.55842462499993) [74]
(141.80842462499993, 143.80842462499993) [67]
(141.93342462499993, 142.05842462499993) [54]
(142.05842462499993, 142.18342462499993) [55]
(142.18342462499993, 142.30842462499993) [57]
(142.30842462499993, 142.43342462499993) [55]
(142.43342462499993, 142.55842462499993) [54]
(142.55842462499993, 142.68342462499993) [55]
(142.55842462499993, 142.80842462499993) [76]
(142.68342462499993, 142.80842462499993) [52]
(142.80842462499993, 142.89175795833327) [73]
(142.80842462499993, 143.80842462499993) [57]
(142.89175795833327, 142.9750912916666) [74]
(142.93342462499993, 143.05842462499993) [59]
(142.9750912916666, 143.55842462499993) [73]
(143.05842462499993, 143.18342462499993) [61]
(143.18342462499993, 143.30842462499993) [62]
(143.30842462499993, 143.43342462499993) [61]
(143.43342462499993, 143.55842462499993) [59]
(143.55842462499993, 143.68342462499993) [61, 74]
(143.68342462499993, 143.80842462499993) [57, 76]
(143.80842462499993, 143.93342462499993) [50]
(143.80842462499993, 144.80842462499993) [62, 66, 78]
(143.93342462499993, 144.05842462499993) [52]
(144.05842462499993, 144.18342462499993) [54]
(144.18342462499993, 144.30842462499993) [55]
(144.30842462499993, 144.43342462499993) [54]
(144.43342462499993, 144.55842462499993) [52]
(144.55842462499993, 144.68342462499993) [54]
(144.68342462499993, 144.80842462499993) [50]
(144.80842462499993, 145.05842462499993) [83]
(144.80842462499993, 145.30842462499993) [55]
(145.05842462499993, 145.30842462499993) [81]
(145.30842462499993, 145.55842462499993) [83]
(145.55842462499993, 145.80635862499992) [79]
(145.80635862499992, 146.05429262499993) [79]
(145.80635862499992, 146.55016062499993) [71, 74]
(146.05429262499993, 146.30222662499992) [78]
(146.30222662499992, 146.55016062499993) [79]
(146.55016062499993, 146.79401319374992) [67, 71]
(146.55016062499993, 146.79606237499993) [76]
(146.79606237499993, 147.04196412499994) [76]
(146.79606237499993, 147.53176837499993) [67, 71]
(147.04196412499994, 147.28586662499993) [74]
(147.28586662499993, 147.53176837499993) [76]
(147.53176837499993, 147.77763625833327) [69]
(147.53176837499993, 147.7797023749999) [64, 73]
(147.7797023749999, 148.7797023749999) [43, 69, 73, 64, 55]
(148.7797023749999, 148.9047023749999) [54]
(148.7797023749999, 149.5297023749999) [66, 69, 74]
(148.9047023749999, 149.0297023749999) [55]
(149.0297023749999, 149.1547023749999) [57]
(149.1547023749999, 149.2797023749999) [55]
(149.2797023749999, 149.4047023749999) [54]
(149.4047023749999, 149.5297023749999) [52]
(149.5297023749999, 149.6547023749999) [50]
(149.5297023749999, 149.7797023749999) [66, 69, 74]
(149.6547023749999, 149.7797023749999) [49]
(149.7797023749999, 149.9047023749999) [47]
(149.7797023749999, 150.5297023749999) [66, 71, 74]
(149.9047023749999, 150.0297023749999) [49]
(150.0297023749999, 150.1547023749999) [50]
(150.1547023749999, 150.2797023749999) [49]
(150.2797023749999, 150.4047023749999) [47]
(150.4047023749999, 150.5297023749999) [45]
(150.5297023749999, 150.6547023749999) [47]
(150.5297023749999, 150.7797023749999) [67, 71, 76]
(150.6547023749999, 150.7797023749999) [43]
(150.7797023749999, 150.86742170833324) [73]
(150.7797023749999, 151.56917637499993) [45]
(150.7797023749999, 151.86620612499993) [69, 64]
(150.86742170833324, 150.9551410416666) [74]
(150.9551410416666, 151.04286037499992) [73]
(151.04286037499992, 151.13057970833324) [74]
(151.13057970833324, 151.21829904166657) [73]
(151.21829904166657, 151.30601837499992) [74]
(151.30601837499992, 151.56917637499993) [73]
(151.56917637499993, 151.86620612499993) [45, 74]
(151.86620612499993, 152.61620612499993) [38]
(151.86620612499993, 152.86620612499993) [66, 69, 74]
(152.61620612499993, 152.69953945833328) [50]
(152.69953945833328, 152.7828727916666) [52]
(152.7828727916666, 152.86620612499993) [54]
(152.86620612499993, 152.99120612499993) [71]
(152.86620612499993, 153.86620612499993) [55]
(152.99120612499993, 153.11620612499993) [73]
(153.11620612499993, 153.24120612499993) [74]
(153.24120612499993, 153.36620612499993) [76]
(153.36620612499993, 153.49120612499993) [74]
(153.49120612499993, 153.61620612499993) [73]
(153.61620612499993, 153.74120612499993) [74]
(153.74120612499993, 153.86620612499993) [71]
(153.86620612499993, 153.99120612499993) [49]
(153.86620612499993, 154.86620612499993) [64, 71, 76]
(153.99120612499993, 154.11620612499993) [50]
(154.11620612499993, 154.24120612499993) [52]
(154.24120612499993, 154.36620612499993) [54]
(154.36620612499993, 154.49120612499993) [52]
(154.49120612499993, 154.61620612499993) [50]
(154.61620612499993, 154.74120612499993) [52]
(154.74120612499993, 154.86620612499993) [49]
(154.86620612499993, 154.99120612499993) [69]
(154.86620612499993, 155.86620612499993) [54]
(154.99120612499993, 155.11620612499993) [71]
(155.11620612499993, 155.24120612499993) [73]
(155.24120612499993, 155.36620612499993) [74]
(155.36620612499993, 155.49120612499993) [73]
(155.49120612499993, 155.61620612499993) [71]
(155.61620612499993, 155.74120612499993) [73]
(155.74120612499993, 155.86620612499993) [69]
(155.86620612499993, 155.99120612499993) [47]
(155.86620612499993, 156.86620612499993) [62, 69, 74]
(155.99120612499993, 156.11620612499993) [49]
(156.11620612499993, 156.24120612499993) [50]
(156.24120612499993, 156.36620612499993) [52]
(156.36620612499993, 156.49120612499993) [50]
(156.49120612499993, 156.61620612499993) [49]
(156.61620612499993, 156.74120612499993) [50]
(156.74120612499993, 156.86620612499993) [47]
(156.86620612499993, 156.99120612499993) [52, 67]
(156.99120612499993, 157.11620612499993) [54, 69]
(157.11620612499993, 157.24120612499993) [55, 71]
(157.24120612499993, 157.36620612499993) [57, 72]
(157.36620612499993, 157.49120612499993) [55, 71]
(157.49120612499993, 157.61620612499993) [54, 69]
(157.61620612499993, 157.74120612499993) [55, 71]
(157.74120612499993, 157.86620612499993) [52, 67]
(157.86620612499993, 157.99120612499993) [57, 73]
(157.99120612499993, 158.11620612499993) [59, 74]
(158.11620612499993, 158.24120612499993) [61, 76]
(158.24120612499993, 158.36620612499993) [62, 78]
(158.36620612499993, 158.49086179166662) [61, 76]
(158.49086179166662, 158.6148287916666) [59, 74]
(158.6148287916666, 158.7387957916666) [61, 76]
(158.7387957916666, 158.8627627916666) [57, 73]
(158.8627627916666, 158.98672979166662) [62, 78]
(158.98672979166662, 159.11001937499992) [64, 79]
(159.11001937499992, 159.23297024999994) [66, 81]
(159.23297024999994, 159.35592112499992) [67, 83]
(159.35592112499992, 159.47887199999994) [66, 81]
(159.47887199999994, 159.6014896666666) [64, 79]
(159.6014896666666, 159.73080004166658) [66, 81]
(159.73080004166658, 159.8601104166666) [62, 78]
(159.8601104166666, 160.6101104166666) [67, 83]
(160.6101104166666, 160.8601104166666) [55, 73, 69, 64]
(160.8601104166666, 161.6101104166666) [54, 74, 69, 66]
(161.6101104166666, 161.8601104166666) [52, 76, 73, 67]
(161.8601104166666, 162.6101104166666) [50, 78, 74, 69]
(162.6101104166666, 162.86438391458327) [62]
(162.6101104166666, 162.8665206666666) [66, 57, 48]
(162.8665206666666, 163.6357514166666) [47, 67, 62, 59]
(163.6357514166666, 163.8921616666666) [45, 69, 66, 60]
(163.8921616666666, 164.6613924166666) [43, 71, 67, 62]
(164.6613924166666, 164.9178026666666) [42, 71, 62, 67]
(164.9178026666666, 165.6870334166666) [40, 73, 64, 67]
(165.6870334166666, 165.95279916249993) [66]
(165.6870334166666, 165.9573036666666) [74, 69, 38]
(165.9573036666666, 167.0893786666666) [57, 66, 62]
(165.9573036666666, 168.26584966666658) [45]
(167.0893786666666, 168.26584966666658) [55, 64, 61]
(168.26584966666658, 172.97173366666658) [38, 62, 57, 54]
