(0.0, 0.483869) [62, 66, 50]
(0.483869, 0.967738) [62, 66]
(0.7258035, 0.967738) [50]
(0.967738, 1.451607) [64, 67, 50]
(1.451607, 1.935476) [66, 69]
(1.6935415, 1.935476) [50]
(1.935476, 2.419345) [66, 69, 45]
(2.419345, 2.903214) [64, 67]
(2.6612795, 2.903214) [45]
(2.903214, 3.387083) [62, 66, 45]
(3.387083, 3.870952) [57, 64]
(3.6290175, 3.870952) [45]
(3.870952, 4.354821) [54, 62, 50]
(4.354821, 4.83869) [54, 62]
(4.83869, 5.322559) [57, 64]
(5.322559, 5.806428) [62, 66, 50]
(5.806428, 6.290297) [45]
(5.806428, 6.5322315) [62, 66]
(6.5322315, 6.774166) [57, 64]
(6.774166, 7.258035) [45]
(6.774166, 7.741904) [57, 64]
(7.741904, 8.225773) [62, 66, 50]
(8.225773, 8.709642) [62, 66]
(8.4677075, 8.709642) [50]
(8.709642, 9.193510999999999) [64, 67, 50]
(9.193510999999999, 9.67738) [66, 69]
(9.4354455, 9.67738) [50]
(9.67738, 10.161249) [66, 69, 45]
(10.161249, 10.645118) [64, 67]
(10.403183499999999, 10.645118) [45]
(10.645118, 11.128987) [62, 66, 45]
(11.128987, 11.612856) [57, 64]
(11.3709215, 11.612856) [45]
(11.612856, 12.096725) [54, 62, 50]
(12.096725, 12.580594) [54, 62]
(12.580594, 13.064463) [57, 64]
(13.064463, 13.548332) [62, 66, 50]
(13.548332, 14.032201) [45]
(13.548332, 14.2741355) [57, 64]
(14.2741355, 14.51607) [54, 62]
(14.51607, 14.999939) [50]
(14.51607, 15.483808) [54, 62]
(15.483808, 15.967677) [61, 64, 45]
(15.967677, 16.451546) [61, 64]
(16.2096115, 16.451546) [45]
(16.451546, 16.935415) [62, 66, 45]
(16.935415, 17.419284) [57, 62, 50]
(17.419284, 17.903153) [61, 64, 45]
(17.903153, 18.1450875) [62, 66]
(18.1450875, 18.387021999999998) [64, 67, 45]
(18.387021999999998, 18.870891) [62, 66, 45]
(18.870891, 19.35476) [57, 62, 50]
(19.35476, 19.838629) [61, 64, 45]
(19.838629, 20.0805635) [62, 66]
(20.0805635, 20.322498) [64, 67, 45]
(20.322498, 20.806366999999998) [61, 66, 46]
(20.806366999999998, 21.290236) [61, 64, 54]
(21.290236, 21.774105) [59, 62, 47]
(21.774105, 22.257974) [56, 64, 52]
(22.257974, 22.741843) [52, 57]
(22.257974, 23.225712) [45]
(22.741843, 23.709581) [62, 66]
(23.225712, 23.709581) [50]
(23.709581, 24.19345) [62, 66]
(23.9515155, 24.19345) [50]
(24.19345, 24.677319) [64, 67, 50]
(24.677319, 25.161188) [66, 69]
(24.9192535, 25.161188) [50]
(25.161188, 25.645057) [66, 69, 45]
(25.645057, 26.128926) [64, 67]
(25.8869915, 26.128926) [45]
(26.128926, 26.612795) [62, 66, 45]
(26.612795, 27.096664) [57, 64]
(26.8547295, 27.096664) [45]
(27.096664, 27.580533) [54, 62, 50]
(27.580533, 28.064402) [54, 62]
(28.064402, 28.548271) [57, 64]
(28.548271, 29.03214) [62, 66, 50]
(29.03214, 29.516009) [45]
(29.03214, 29.7579435) [57, 64]
(29.7579435, 29.999878) [54, 62]
(29.999878, 30.483747) [50]
(29.999878, 30.967616) [54, 62]
(30.967616, 31.451484999999998) [61, 64, 45]
(31.451484999999998, 31.935354) [61, 64]
(31.6934195, 31.935354) [45]
(31.935354, 32.419223) [62, 66, 45]
(32.419223, 32.903092) [57, 62, 50]
(32.903092, 33.386961) [61, 64, 45]
(33.386961, 33.6288955) [62, 66]
(33.6288955, 33.87083) [64, 67, 45]
(33.87083, 34.354699) [62, 66, 45]
(34.354699, 34.838568) [57, 62, 50]
(34.838568, 35.322437) [61, 64, 45]
(35.322437, 35.5643715) [62, 66]
(35.5643715, 35.806306) [64, 67, 45]
(35.806306, 36.290175) [61, 66, 46]
(36.290175, 36.774043999999996) [61, 64, 54]
(36.774043999999996, 37.257913) [59, 62, 47]
(37.257913, 37.741782) [56, 64, 52]
(37.741782, 38.225651) [52, 57]
(37.741782, 38.70952) [45]
(38.225651, 39.193388999999996) [62, 66]
(38.70952, 39.193388999999996) [50]
(39.193388999999996, 39.677258) [62, 66]
(39.4353235, 39.677258) [50]
(39.677258, 40.161127) [64, 67, 50]
(40.161127, 40.644996) [66, 69]
(40.4030615, 40.644996) [50]
(40.644996, 41.128865) [66, 69, 45]
(41.128865, 41.612733999999996) [64, 67]
(41.3707995, 41.612733999999996) [45]
(41.612733999999996, 42.096603) [62, 66, 45]
(42.096603, 42.580472) [57, 64]
(42.3385375, 42.580472) [45]
(42.580472, 43.064341) [54, 62, 50]
(43.064341, 43.54821) [54, 62]
(43.54821, 44.032078999999996) [57, 64]
(44.032078999999996, 44.515948) [62, 66, 50]
(44.515948, 44.999817) [45]
(44.515948, 45.2417515) [57, 64]
(45.2417515, 45.483686) [54, 62]
(45.483686, 45.967555) [50]
(45.483686, 46.451424) [54, 62]
