(0.0, 0.40412200000000004) [56]
(0.0, 4.7198065) [49, 37]
(0.40412200000000004, 0.8082440000000001) [61]
(0.8082440000000001, 1.212366) [64]
(1.212366, 1.6102254166666667) [56]
(1.6102254166666667, 2.003008583333333) [61]
(2.003008583333333, 2.3908385) [64]
(2.3908385, 2.7738335000000003) [56]
(2.7738335000000003, 3.1568285) [61]
(3.1568285, 3.5398235) [64]
(3.5398235, 3.9228185) [56]
(3.9228185, 4.3058135) [61]
(4.3058135, 4.7198065) [64]
(4.7198065, 5.112811166666667) [56]
(4.7198065, 9.387939) [47, 35]
(5.112811166666667, 5.505815833333333) [61]
(5.505815833333333, 5.898820499999999) [64]
(5.898820499999999, 6.2851444999999995) [56]
(6.2851444999999995, 6.668782666666666) [61]
(6.668782666666666, 7.049734999999999) [64]
(7.049734999999999, 7.441891999999999) [56]
(7.441891999999999, 7.819250333333333) [61]
(7.819250333333333, 8.196608666666666) [64]
(8.196608666666666, 8.584958333333333) [56]
(8.584958333333333, 8.962316666666666) [61]
(8.962316666666666, 9.387939) [64]
(9.387939, 9.790479791666666) [57]
(9.387939, 11.799138875) [33, 45]
(9.790479791666666, 10.187827416666666) [61]
(10.187827416666666, 10.580109208333333) [64]
(10.580109208333333, 10.966956541666667) [57]
(10.966956541666667, 11.353803875) [61]
(11.353803875, 11.799138875) [64]
(11.799138875, 12.202202208333334) [57]
(11.799138875, 14.192575541666669) [42, 30]
(12.202202208333334, 12.603175375000001) [62]
(12.603175375000001, 12.995958541666667) [66]
(12.995958541666667, 13.382805875) [57]
(13.382805875, 13.769653208333335) [62]
(13.769653208333335, 14.192575541666669) [66]
(14.192575541666669, 14.599907541666669) [56]
(14.192575541666669, 16.63656754166667) [44, 32]
(14.599907541666669, 15.007239541666669) [60]
(15.007239541666669, 15.414571541666668) [66]
(15.414571541666668, 15.821903541666668) [56]
(15.821903541666668, 16.229235541666668) [61]
(16.229235541666668, 16.63656754166667) [64]
(16.63656754166667, 17.053581875000003) [56]
(16.63656754166667, 19.255287541666668) [32, 44]
(17.053581875000003, 17.470596208333333) [61]
(17.470596208333333, 17.887610541666668) [63]
(17.887610541666668, 18.343502875000002) [54]
(18.343502875000002, 18.799395208333333) [60]
(18.799395208333333, 19.255287541666668) [63]
(19.255287541666668, 19.680909875) [52]
(19.255287541666668, 24.564853875) [44, 49, 37]
(19.680909875, 20.092856208333334) [56]
(20.092856208333334, 20.504802541666667) [61]
(20.504802541666667, 20.907865875) [56]
(20.907865875, 21.310929208333334) [61]
(21.310929208333334, 21.713992541666666) [64]
(21.713992541666666, 22.134867875) [56]
(22.134867875, 22.555743208333332) [61]
(22.555743208333332, 22.976618541666667) [64]
(22.976618541666667, 23.476618541666667) [56]
(22.976618541666667, 24.123677375) [68]
(23.476618541666667, 23.976618541666667) [61]
(23.976618541666667, 24.564853875) [64]
(24.123677375, 24.564853875) [68]
(24.564853875, 24.999675041666666) [56]
(24.564853875, 28.171130958333332) [68]
(24.564853875, 29.715200958333334) [48, 36, 44]
(24.999675041666666, 25.419117583333335) [63]
(25.419117583333335, 25.824735291666666) [66]
(25.824735291666666, 26.220774958333333) [56]
(26.220774958333333, 26.603769958333334) [63]
(26.603769958333334, 26.986764958333332) [66]
(26.986764958333332, 27.381553625) [56]
(27.381553625, 27.776342291666666) [63]
(27.776342291666666, 28.171130958333332) [66]
(28.171130958333332, 28.653058625) [56]
(28.171130958333332, 29.280039958333333) [68]
(28.653058625, 29.134986291666667) [63]
(29.134986291666667, 29.715200958333334) [66]
(29.280039958333333, 29.715200958333334) [68]
(29.715200958333334, 30.13607629166667) [56]
(29.715200958333334, 32.13316295833333) [49, 37, 68]
(30.13607629166667, 30.556951625) [61]
(30.556951625, 30.955834625) [64]
(30.955834625, 31.346612291666666) [56]
(31.346612291666666, 31.725830958333333) [61]
(31.725830958333333, 32.13316295833333) [64]
(32.13316295833333, 32.573400625) [57]
(32.13316295833333, 34.594961624999996) [30, 42, 69]
(32.573400625, 32.99427595833333) [61]
(32.99427595833333, 33.410595625) [66]
(33.410595625, 33.80538429166666) [57]
(33.80538429166666, 34.20017295833333) [61]
(34.20017295833333, 34.594961624999996) [66]
(34.594961624999996, 35.03084479166667) [56]
(34.594961624999996, 37.102887333333335) [47, 35, 68]
(35.03084479166667, 35.45410795833333) [59]
(35.45410795833333, 35.864883666666664) [64]
(35.864883666666664, 36.26376666666666) [56]
(36.26376666666666, 36.66264966666667) [59]
(36.66264966666667, 37.102887333333335) [64]
(37.102887333333335, 37.56435466666667) [57]
(37.102887333333335, 38.50043033333334) [66]
(37.102887333333335, 39.83643533333334) [47, 35]
(37.56435466666667, 38.025822000000005) [59]
(38.025822000000005, 38.50043033333334) [63]
(38.50043033333334, 38.94576533333334) [57]
(38.50043033333334, 39.83643533333334) [71]
(38.94576533333334, 39.39110033333334) [59]
(39.39110033333334, 39.83643533333334) [63]
(39.83643533333334, 40.27667300000001) [56]
(39.83643533333334, 40.67569393750001) [64]
(39.83643533333334, 44.92433366666667) [52, 40]
(40.27667300000001, 40.702295333333346) [59]
(40.702295333333346, 41.127917666666676) [64]
(41.127917666666676, 41.54423733333334) [56]
(41.54423733333334, 41.95156933333334) [59]
(41.95156933333334, 42.35890133333334) [64]
(42.35890133333334, 42.76623333333334) [56]
(42.76623333333334, 43.17356533333334) [59]
(43.17356533333334, 43.58089733333334) [64]
(43.58089733333334, 44.01615300000001) [56]
(44.01615300000001, 44.45140866666667) [59]
(44.45140866666667, 44.92433366666667) [64]
(44.92433366666667, 45.35958933333334) [55]
(44.92433366666667, 50.179667) [40, 52]
(45.35958933333334, 45.794845) [59]
(45.794845, 46.23010066666667) [64]
(46.23010066666667, 46.64642033333334) [55]
(46.64642033333334, 47.04530333333334) [59]
(47.04530333333334, 47.44418633333334) [64]
(47.44418633333334, 47.84306933333334) [55]
(47.84306933333334, 48.24195233333334) [59]
(48.24195233333334, 48.640835333333335) [64]
(48.640835333333335, 49.12864033333334) [55]
(48.640835333333335, 49.757250750000004) [67]
(49.12864033333334, 49.61644533333334) [59]
(49.61644533333334, 50.179667) [64]
(49.757250750000004, 50.179667) [67]
(50.179667, 50.5982645) [55]
(50.179667, 53.79913983333333) [67]
(50.179667, 55.310041166666664) [38, 50]
(50.5982645, 51.007903666666664) [59]
(51.007903666666664, 51.40887683333333) [65]
(51.40887683333333, 51.803665499999994) [55]
(51.803665499999994, 52.198454166666664) [59]
(52.198454166666664, 52.59324283333333) [65]
(52.59324283333333, 52.9880315) [55]
(52.9880315, 53.38282016666666) [59]
(53.38282016666666, 53.79913983333333) [65]
(53.79913983333333, 54.28106749999999) [55]
(53.79913983333333, 54.89975666666666) [67]
(54.28106749999999, 54.76299516666666) [59]
(54.76299516666666, 55.310041166666664) [65]
(54.89975666666666, 55.310041166666664) [67]
(55.310041166666664, 55.75027883333333) [55]
(55.310041166666664, 56.5920295) [48, 36]
(55.310041166666664, 59.18968145833333) [67]
(55.75027883333333, 56.17115416666667) [60]
(56.17115416666667, 56.5920295) [64]
(56.5920295, 57.0373645) [55]
(56.5920295, 57.870003833333335) [35, 47]
(57.0373645, 57.45368416666667) [59]
(57.45368416666667, 57.870003833333335) [64]
(57.870003833333335, 58.325896166666666) [55]
(57.870003833333335, 60.59731145833334) [46, 34]
(58.325896166666666, 58.759388791666666) [61]
(58.759388791666666, 59.18968145833333) [64]
(59.18968145833333, 59.668494125) [54]
(59.18968145833333, 60.59731145833334) [66]
(59.668494125, 60.12438645833333) [61]
(60.12438645833333, 60.59731145833334) [64]
(60.59731145833334, 61.05877879166667) [54]
(60.59731145833334, 63.180588958333345) [47, 35, 66]
(61.05877879166667, 61.47808820833334) [59]
(61.47808820833334, 61.894407875000006) [62]
(61.894407875000006, 62.34495987500001) [54]
(62.34495987500001, 62.76426929166668) [59]
(62.76426929166668, 63.180588958333345) [62]
(63.180588958333345, 63.61088162500001) [55]
(63.180588958333345, 64.48637495833334) [40, 67]
(63.61088162500001, 64.04613729166668) [59]
(64.04613729166668, 64.48637495833334) [61]
(64.48637495833334, 64.93170995833334) [52]
(64.48637495833334, 65.90052783333334) [43, 64]
(64.93170995833334, 65.3829295) [59]
(65.3829295, 65.90052783333334) [61]
(65.90052783333334, 66.35642016666668) [54]
(65.90052783333334, 68.45828716666668) [42, 66]
(66.35642016666668, 66.77273983333335) [59]
(66.77273983333335, 67.18905950000001) [62]
(67.18905950000001, 67.63439450000001) [54]
(67.63439450000001, 68.04634083333335) [59]
(68.04634083333335, 68.45828716666668) [62]
(68.45828716666668, 68.89852483333334) [54]
(68.45828716666668, 71.2452765) [42, 30, 66]
(68.89852483333334, 69.33876250000002) [58]
(69.33876250000002, 69.77900016666668) [61]
(69.77900016666668, 70.24618083333334) [54]
(70.24618083333334, 70.7133615) [58]
(70.7133615, 71.2452765) [61]
(71.2452765, 71.73908812500001) [59]
(71.2452765, 77.61518279166667) [35, 47]
(71.73908812500001, 72.19269383333332) [62]
(72.19269383333332, 72.61153225) [66]
(72.61153225, 73.01041525) [59]
(73.01041525, 73.39341024999999) [62]
(73.39341024999999, 73.77640525) [66]
(73.77640525, 74.19272491666666) [59]
(74.19272491666666, 74.60904458333333) [63]
(74.60904458333333, 75.07051191666666) [66]
(75.07051191666666, 75.49613425) [59]
(75.07051191666666, 76.38322391666667) [71]
(75.49613425, 75.92175658333333) [63]
(75.92175658333333, 76.38322391666667) [66]
(76.38322391666667, 76.802390875) [59]
(76.38322391666667, 80.05963579166668) [72]
(76.802390875, 77.2131535) [64]
(77.2131535, 77.61518279166667) [67]
(77.61518279166667, 78.01048325000001) [59]
(77.61518279166667, 78.82159158333334) [40, 52]
(78.01048325000001, 78.40527191666668) [64]
(78.40527191666668, 78.82159158333334) [67]
(78.82159158333334, 79.25169925000002) [59]
(78.82159158333334, 80.05963579166668) [43, 55]
(79.25169925000002, 79.65162733333334) [64]
(79.65162733333334, 80.05963579166668) [67]
(80.05963579166668, 80.48813787500002) [59]
(80.05963579166668, 81.42841416666668) [70, 40, 52]
(80.48813787500002, 80.94281541666669) [64]
(80.94281541666669, 81.42841416666668) [67]
(81.42841416666668, 81.88430650000002) [59]
(81.42841416666668, 85.23638283333334) [71]
(81.42841416666668, 87.95156075) [35, 47]
(81.88430650000002, 82.30518183333335) [63]
(82.30518183333335, 82.70922216666668) [66]
(82.70922216666668, 83.13484450000001) [59]
(83.13484450000001, 83.52963316666668) [63]
(83.52963316666668, 83.92442183333334) [66]
(83.92442183333334, 84.3596775) [59]
(84.3596775, 84.7670095) [63]
(84.7670095, 85.23638283333334) [66]
(85.23638283333334, 85.69785016666667) [59]
(85.23638283333334, 86.6531445) [71]
(85.69785016666667, 86.1593175) [63]
(86.1593175, 86.6531445) [66]
(86.6531445, 87.12032516666666) [59]
(86.6531445, 90.40330974999999) [72]
(87.12032516666666, 87.543018875) [64]
(87.543018875, 87.95156075) [67]
(87.95156075, 88.35044375) [59]
(87.95156075, 89.17020208333332) [40, 52]
(88.35044375, 88.74932675) [64]
(88.74932675, 89.17020208333332) [67]
(89.17020208333332, 89.57326541666666) [59]
(89.17020208333332, 90.40330974999999) [43, 55]
(89.57326541666666, 89.96805408333333) [64]
(89.96805408333333, 90.40330974999999) [67]
(90.40330974999999, 90.88212241666666) [59]
(90.40330974999999, 91.75263375) [70, 52, 40]
(90.88212241666666, 91.31737808333332) [64]
(91.31737808333332, 91.75263375) [67]
(91.75263375, 92.16895341666667) [59]
(91.75263375, 94.33348308333333) [47, 35, 71]
(92.16895341666667, 92.58527308333333) [63]
(92.58527308333333, 93.00159275) [66]
(93.00159275, 93.41791241666667) [59]
(93.41791241666667, 93.83423208333333) [63]
(93.83423208333333, 94.33348308333333) [66]
(94.33348308333333, 94.77372075) [59]
(94.33348308333333, 96.99199441666666) [44, 32, 71]
(94.77372075, 95.19004041666666) [62]
(95.19004041666666, 95.60636008333333) [65]
(95.60636008333333, 96.04659774999999) [59]
(96.04659774999999, 96.46747308333332) [62]
(96.46747308333332, 96.99199441666666) [65]
(96.99199441666666, 97.45346174999999) [59]
(96.99199441666666, 99.64879441666666) [29, 41, 71]
(97.45346174999999, 97.91492908333332) [61]
(97.91492908333332, 98.37639641666665) [68]
(98.37639641666665, 98.80668908333332) [59]
(98.80668908333332, 99.22774174999999) [61]
(99.22774174999999, 99.64879441666666) [68]
(99.64879441666666, 100.06511408333333) [57]
(99.64879441666666, 102.16527875) [42, 30, 69]
(100.06511408333333, 100.46817741666666) [61]
(100.46817741666666, 100.87124075) [66]
(100.87124075, 101.27012375) [57]
(101.27012375, 101.68207008333333) [61]
(101.68207008333333, 102.16527875) [66]
(102.16527875, 102.58615408333333) [55]
(102.16527875, 104.75450375) [35, 47, 67]
(102.58615408333333, 103.00702941666667) [59]
(103.00702941666667, 103.42790475) [62]
(103.42790475, 103.84878008333334) [55]
(103.84878008333334, 104.26965541666667) [59]
(104.26965541666667, 104.75450375) [62]
(104.75450375, 105.22460016666666) [54]
(104.75450375, 107.51817325) [48, 36, 66]
(105.22460016666666, 105.67260441666667) [57]
(105.67260441666667, 106.10061591666667) [63]
(106.10061591666667, 106.53587158333333) [54]
(106.53587158333333, 106.97112725000001) [57]
(106.97112725000001, 107.51817325) [63]
(107.51817325, 107.96350825) [49]
(107.51817325, 110.14505625000001) [37, 61]
(107.96350825, 108.40884325) [54]
(108.40884325, 108.85417825) [57]
(108.85417825, 109.28447091666668) [49]
(109.28447091666668, 109.71476358333334) [54]
(109.71476358333334, 110.14505625000001) [57]
(110.14505625000001, 110.58529391666667) [49]
(110.14505625000001, 111.54312991666669) [61]
(110.14505625000001, 113.19529591666668) [37]
(110.58529391666667, 111.02553158333335) [54]
(111.02553158333335, 111.54312991666669) [56]
(111.54312991666669, 112.02797825000002) [49]
(111.54312991666669, 113.19529591666668) [61]
(112.02797825000002, 112.56735258333335) [53]
(112.56735258333335, 113.19529591666668) [56]
(113.19529591666668, 113.73467025000001) [54]
(113.19529591666668, 118.80298445833336) [30, 42, 37]
(113.73467025000001, 114.23218258333334) [57]
(114.23218258333334, 114.70510758333334) [61]
(114.70510758333334, 115.13540025000002) [57]
(115.13540025000002, 115.53846358333335) [61]
(115.53846358333335, 115.94152691666669) [66]
(115.94152691666669, 116.35784658333336) [61]
(116.35784658333336, 116.77416625000002) [66]
(116.77416625000002, 117.23563358333335) [69]
(117.23563358333335, 117.74196258333335) [61]
(117.23563358333335, 118.39123041666669) [73]
(117.74196258333335, 118.24829158333335) [66]
(118.24829158333335, 118.80298445833336) [69]
(118.39123041666669, 118.80298445833336) [73]
(118.80298445833336, 119.23397066666669) [61]
(118.80298445833336, 122.52834837500004) [73]
(118.80298445833336, 124.05542537500003) [41, 49, 53]
(119.23397066666669, 119.65261487500004) [68]
(119.65261487500004, 120.05949970833338) [71]
(120.05949970833338, 120.45838270833337) [61]
(120.45838270833337, 120.85726570833337) [68]
(120.85726570833337, 121.25614870833337) [71]
(121.25614870833337, 121.67246837500004) [61]
(121.67246837500004, 122.0887880416667) [68]
(122.0887880416667, 122.52834837500004) [71]
(122.52834837500004, 123.0102760416667) [61]
(122.52834837500004, 123.63300912500003) [73]
(123.0102760416667, 123.49220370833336) [68]
(123.49220370833336, 124.05542537500003) [71]
(123.63300912500003, 124.05542537500003) [73]
(124.05542537500003, 124.47572375000003) [61]
(124.05542537500003, 126.51033158333337) [42, 54, 73]
(124.47572375000003, 124.88692075000003) [66]
(124.88692075000003, 125.28939725000004) [69]
(125.28939725000004, 125.68481058333337) [61]
(125.68481058333337, 126.0802239166667) [66]
(126.0802239166667, 126.51033158333337) [69]
(126.51033158333337, 126.9222779166667) [60]
(126.51033158333337, 127.74617058333337) [72, 51, 39]
(126.9222779166667, 127.33422425000003) [66]
(127.33422425000003, 127.74617058333337) [69]
(127.74617058333337, 128.18142625000004) [61]
(127.74617058333337, 129.1485969166667) [73, 37, 49]
(128.18142625000004, 128.6166819166667) [66]
(128.6166819166667, 129.1485969166667) [69]
(129.1485969166667, 129.5939319166667) [63]
(129.1485969166667, 132.88798358333335) [44, 75, 36, 48]
(129.5939319166667, 130.01480725000002) [66]
(130.01480725000002, 130.43568258333335) [68]
(130.43568258333335, 130.83874591666668) [63]
(130.83874591666668, 131.22952358333336) [66]
(131.22952358333336, 131.62030125) [68]
(131.62030125, 132.02763325) [63]
(132.02763325, 132.42651625000002) [66]
(132.42651625000002, 132.88798358333335) [68]
(132.88798358333335, 133.32822125) [63]
(132.88798358333335, 134.32355191666667) [44, 75, 36, 48]
(133.32822125, 133.76845891666667) [66]
(133.76845891666667, 134.32355191666667) [68]
(134.32355191666667, 134.76378958333333) [64]
(134.32355191666667, 136.94016191666665) [49, 76, 37, 44]
(134.76378958333333, 135.17112158333333) [68]
(135.17112158333333, 135.57845358333333) [73]
(135.57845358333333, 136.00856124999999) [64]
(136.00856124999999, 136.4294365833333) [68]
(136.4294365833333, 136.94016191666665) [73]
(136.94016191666665, 137.41190941666665) [63]
(136.94016191666665, 138.31301341666665) [75, 42, 30]
(137.41190941666665, 137.86246141666663) [66]
(137.86246141666663, 138.31301341666665) [69]
(138.31301341666665, 138.83753474999997) [61]
(138.31301341666665, 139.8280580833333) [73, 31, 43]
(138.83753474999997, 139.31045974999998) [64]
(139.31045974999998, 139.8280580833333) [70]
(139.8280580833333, 140.31290641666664) [72]
(139.8280580833333, 145.04227866666665) [44, 32]
(140.31290641666664, 140.7589234583333) [60]
(140.7589234583333, 141.18990966666664) [63]
(141.18990966666664, 142.48755266666663) [68]
(141.61078499999996, 142.0316603333333) [60]
(142.0316603333333, 142.48755266666663) [63]
(142.48755266666663, 143.73651166666664) [69]
(142.9038723333333, 143.32019199999996) [60]
(143.32019199999996, 143.73651166666664) [63]
(143.73651166666664, 145.04227866666665) [66]
(144.17176733333332, 144.60702299999997) [60]
(144.60702299999997, 145.04227866666665) [63]
(145.04227866666665, 150.21740337500003) [32, 44]
(145.45859833333333, 145.85748133333334) [60]
(145.85748133333334, 146.25636433333332) [63]
(146.25636433333332, 147.56030866666666) [56]
(146.686657, 147.08972033333333) [60]
(147.08972033333333, 147.56030866666666) [63]
(147.56030866666666, 148.89897804166668) [57]
(148.01832095833333, 148.464338) [60]
(148.464338, 148.89897804166668) [63]
(148.89897804166668, 150.21740337500003) [54]
(149.32460037500002, 149.75022270833335) [60]
(149.75022270833335, 150.21740337500003) [63]
(150.21740337500003, 150.64959375000004) [52]
(150.21740337500003, 155.24032958333333) [44, 32]
(150.64959375000004, 151.07111029166668) [64]
(151.07111029166668, 151.48241958333332) [68]
(151.48241958333332, 152.71407825) [73]
(151.88548291666666, 152.28854625) [64]
(152.28854625, 152.71407825) [68]
(152.71407825, 153.96812991666667) [76]
(153.12602458333333, 153.54707725) [64]
(153.54707725, 153.96812991666667) [68]
(153.96812991666667, 155.24032958333333) [73]
(154.40769025, 154.82400991666668) [64]
(154.82400991666668, 155.24032958333333) [68]
(155.24032958333333, 160.59340158333336) [44, 32]
(155.64339291666667, 156.04645625) [52]
(156.04645625, 156.45840258333334) [56]
(156.45840258333334, 157.75250925) [61]
(156.87472225000002, 157.29104191666667) [52]
(157.29104191666667, 157.75250925) [56]
(157.75250925, 159.05827625) [64]
(158.18776491666668, 158.62302058333333) [52]
(158.62302058333333, 159.05827625) [56]
(159.05827625, 160.59340158333336) [61]
(159.53120125, 160.00412625) [52]
(160.00412625, 160.59340158333336) [56]
(160.59340158333336, 161.12531658333336) [51]
(160.59340158333336, 165.65770108333334) [32, 44]
(161.12531658333336, 161.60412925000003) [57]
(161.60412925000003, 162.01146125000002) [54]
(162.01146125000002, 162.39445625000002) [60]
(162.39445625000002, 162.77745125) [57]
(162.77745125, 163.15779062500002) [63]
(163.15779062500002, 163.53417020833334) [60]
(163.53417020833334, 163.90665020833333) [66]
(163.90665020833333, 164.27487041666666) [63]
(164.27487041666666, 164.71012608333334) [69]
(164.71012608333334, 165.16989608333333) [66]
(165.16989608333333, 165.65770108333334) [72]
(165.65770108333334, 166.09295675) [52]
(165.65770108333334, 170.63697825000006) [32, 44]
(166.09295675, 166.4923622916667) [61]
(166.4923622916667, 166.88868633333337) [56]
(166.88868633333337, 167.28275275000004) [64]
(167.28275275000004, 167.65821137500006) [61]
(167.65821137500006, 168.04653258333337) [68]
(168.04653258333337, 168.42658150000005) [64]
(168.42658150000005, 168.82613300000003) [73]
(168.82613300000003, 169.23408500000005) [68]
(169.23408500000005, 169.68463700000004) [76]
(169.68463700000004, 170.11989266666671) [73]
(170.11989266666671, 170.63697825000006) [68]
(170.63697825000006, 171.03537095833337) [61]
(170.63697825000006, 175.50278419166676) [44, 32]
(171.03537095833337, 171.4227290833334) [67]
(171.4227290833334, 171.80010612500007) [64]
(171.80010612500007, 172.1719224583334) [70]
(172.1719224583334, 172.52590479166673) [67]
(172.52590479166673, 172.89627512500007) [73]
(172.89627512500007, 173.27927012500007) [70]
(173.27927012500007, 173.66226512500006) [76]
(173.66226512500006, 174.04526012500008) [73]
(174.04526012500008, 174.47088245833342) [79]
(174.47088245833342, 174.89650479166676) [76]
(174.89650479166676, 175.50278419166676) [82]
(175.50278419166676, 175.9147305250001) [66]
(175.50278419166676, 189.44684735833349) [44, 32]
(175.9147305250001, 176.29394919166677) [72]
(176.29394919166677, 176.6479315250001) [69]
(176.6479315250001, 177.00920319166676) [75]
(177.00920319166676, 177.35702919166675) [72]
(177.35702919166675, 177.7173895250001) [78]
(177.7173895250001, 178.06826685833343) [75]
(178.06826685833343, 178.4420985250001) [81]
(178.4420985250001, 178.80245885833344) [78]
(178.80245885833344, 179.19461585833344) [84]
(179.19461585833344, 179.5684475250001) [81]
(179.5684475250001, 180.00800785833343) [87]
(180.00800785833343, 180.46255319166676) [84]
(180.46255319166676, 180.83074185833343) [78]
(180.83074185833343, 181.18472419166676) [81]
(181.18472419166676, 181.5565405250001) [75]
(181.5565405250001, 181.9136835250001) [78]
(181.9136835250001, 182.28751519166676) [72]
(182.28751519166676, 182.6478755250001) [75]
(182.6478755250001, 183.02882785833344) [69]
(183.02882785833344, 183.3924641916668) [72]
(183.3924641916668, 183.77545919166678) [66]
(183.77545919166678, 184.14243152500012) [69]
(184.14243152500012, 184.52431010833345) [63]
(184.52431010833345, 184.90166844166677) [66]
(184.90166844166677, 185.28741385833345) [60]
(185.28741385833345, 185.66812702500013) [63]
(185.66812702500013, 186.05567427500014) [57]
(186.05567427500014, 186.46300627500014) [60]
(186.46300627500014, 186.87033827500014) [54]
(186.87033827500014, 187.2858966916668) [57]
(187.2858966916668, 188.16637202500013) [51]
(187.72613435833347, 188.16637202500013) [54]
(188.16637202500013, 189.44684735833349) [49]
(188.6066096916668, 189.04684735833348) [54]
(189.04684735833348, 189.44684735833349) [57]
(189.44684735833349, 191.79266660833352) [48]
(189.44684735833349, 194.2851041250002) [44, 32]
(189.85879369166682, 190.23974602500016) [54]
(190.23974602500016, 190.6067183583335) [56]
(190.6067183583335, 190.9949006083335) [57]
(190.9949006083335, 191.3937836083335) [56]
(191.3937836083335, 191.79266660833352) [54]
(191.79266660833352, 193.01749960833354) [51]
(192.2279222750002, 192.62271094166687) [54]
(192.62271094166687, 193.01749960833354) [57]
(193.01749960833354, 194.2851041250002) [49]
(193.4122882750002, 193.79913560833353) [54]
(193.79913560833353, 194.2851041250002) [57]
(194.2851041250002, 196.72950441666688) [48]
(194.2851041250002, 199.38307116666692) [44, 32]
(194.70597945833353, 195.0741681250002) [54]
(195.0741681250002, 195.44235679166687) [56]
(195.44235679166687, 195.82874208333354) [57]
(195.82874208333354, 196.22559908333355) [56]
(196.22559908333355, 196.72950441666688) [54]
(196.72950441666688, 198.03948883333356) [50]
(197.18539675000022, 197.6047061666669) [54]
(197.6047061666669, 198.03948883333356) [57]
(198.03948883333356, 199.38307116666692) [49]
(198.48482383333356, 198.90114350000025) [54]
(198.90114350000025, 199.38307116666692) [57]
(199.38307116666692, 201.86932683333362) [48, 32, 44]
(199.8178538333336, 200.22189416666694) [54]
(200.22189416666694, 200.60874150000026) [56]
(200.60874150000026, 201.00874150000027) [57]
(201.00874150000027, 201.43903416666694) [56]
(201.43903416666694, 201.86932683333362) [54]
(201.86932683333362, 202.2856465000003) [49]
(201.86932683333362, 204.40810016666697) [33, 45]
(202.2856465000003, 202.68043516666697) [52]
(202.68043516666697, 203.11569083333364) [61]
(203.11569083333364, 203.53201050000033) [49]
(203.53201050000033, 203.94833016666698) [52]
(203.94833016666698, 204.40810016666697) [61]
(204.40810016666697, 204.82441983333365) [51]
(204.40810016666697, 206.97695516666698) [42, 30]
(204.82441983333365, 205.2407395000003) [57]
(205.2407395000003, 205.6328965000003) [61]
(205.6328965000003, 206.04956316666696) [51]
(206.04956316666696, 206.46622983333364) [57]
(206.46622983333364, 206.97695516666698) [61]
(206.97695516666698, 207.41719283333364) [51]
(206.97695516666698, 209.7208255000003) [32, 44]
(207.41719283333364, 207.8574305000003) [56]
(207.8574305000003, 208.27848316666697) [60]
(208.27848316666697, 208.7180435000003) [51]
(208.7180435000003, 209.15760383333364) [54]
(209.15760383333364, 209.7208255000003) [60]
(209.7208255000003, 210.1774733750003) [52]
(209.7208255000003, 215.13105312500028) [44, 49, 37]
(210.1774733750003, 210.62028908333363) [56]
(210.62028908333363, 211.0500711250003) [61]
(211.0500711250003, 211.47094645833363) [56]
(211.47094645833363, 211.8669861250003) [61]
(211.8669861250003, 212.28365279166695) [64]
(212.28365279166695, 212.73420479166694) [56]
(212.73420479166694, 213.13824512500028) [61]
(213.13824512500028, 213.55929779166695) [64]
(213.55929779166695, 214.05929779166695) [56]
(213.55929779166695, 214.7022366250003) [68]
(214.05929779166695, 214.55929779166695) [61]
(214.55929779166695, 215.13105312500028) [64]
(214.7022366250003, 215.13105312500028) [68]
(215.13105312500028, 215.5773839583336) [56]
(215.13105312500028, 218.8412953333336) [68]
(215.13105312500028, 220.36024366666692) [44, 36, 48]
(215.5773839583336, 216.01219229166693) [63]
(216.01219229166693, 216.4355083333336) [66]
(216.4355083333336, 216.84745466666692) [56]
(216.84745466666692, 217.25940100000025) [63]
(217.25940100000025, 217.64401633333358) [66]
(217.64401633333358, 218.05217966666692) [56]
(218.05217966666692, 218.46034300000025) [63]
(218.46034300000025, 218.8412953333336) [66]
(218.8412953333336, 219.32322300000027) [56]
(218.8412953333336, 219.94392391666693) [68]
(219.32322300000027, 219.80515066666692) [63]
(219.80515066666692, 220.36024366666692) [66]
(219.94392391666693, 220.36024366666692) [68]
(220.36024366666692, 220.7954993333336) [56]
(220.36024366666692, 222.84743400000025) [49, 37, 68]
(220.7954993333336, 221.19856266666693) [61]
(221.19856266666693, 221.60162600000027) [64]
(221.60162600000027, 221.99240366666695) [56]
(221.99240366666695, 222.3831813333336) [61]
(222.3831813333336, 222.84743400000025) [64]
(222.84743400000025, 223.29276900000025) [57]
(222.84743400000025, 225.46954666666693) [30, 42, 69]
(223.29276900000025, 223.73810400000025) [61]
(223.73810400000025, 224.16372633333359) [66]
(224.16372633333359, 224.57567266666692) [57]
(224.57567266666692, 224.98761900000025) [61]
(224.98761900000025, 225.46954666666693) [66]
(225.46954666666693, 225.92543900000027) [56]
(225.46954666666693, 228.0968980000003) [47, 35, 68]
(225.92543900000027, 226.3510613333336) [59]
(226.3510613333336, 226.77668366666694) [64]
(226.77668366666694, 227.17556666666695) [56]
(227.17556666666695, 227.60585933333363) [59]
(227.60585933333363, 228.0968980000003) [64]
(228.0968980000003, 228.53732966666695) [57]
(228.0968980000003, 229.47158833333364) [66]
(228.0968980000003, 230.93638000000033) [35, 47]
(228.53732966666695, 228.97776133333363) [59]
(228.97776133333363, 229.47158833333364) [63]
(229.47158833333364, 229.93964366666697) [57]
(229.47158833333364, 230.93638000000033) [71]
(229.93964366666697, 230.40769900000032) [59]
(230.40769900000032, 230.93638000000033) [63]
(230.93638000000033, 231.38171500000033) [56]
(230.93638000000033, 231.78073593750034) [64]
(230.93638000000033, 236.20536466666704) [40, 52]
(231.38171500000033, 231.80733733333366) [59]
(231.80733733333366, 232.232959666667) [64]
(232.232959666667, 232.62373733333368) [59]
(232.62373733333368, 233.01451500000033) [64]
(233.01451500000033, 233.405292666667) [68]
(233.405292666667, 233.80417566666702) [59]
(233.80417566666702, 234.203058666667) [64]
(234.203058666667, 234.67023933333368) [68]
(234.67023933333368, 235.1431643333337) [59]
(234.67023933333368, 235.76340816666703) [71]
(235.1431643333337, 235.6160893333337) [64]
(235.6160893333337, 236.20536466666704) [68]
(235.76340816666703, 236.20536466666704) [71]
(236.20536466666704, 236.66125700000038) [59]
(236.20536466666704, 239.96336179166704) [71]
(236.20536466666704, 241.47426312500036) [39, 51]
(236.66125700000038, 237.1171493333337) [66]
(237.1171493333337, 237.54277166666705) [69]
(237.54277166666705, 237.9458350000004) [59]
(237.9458350000004, 238.34420620833373) [66]
(238.34420620833373, 238.73749075000038) [69]
(238.73749075000038, 239.1258119583337) [59]
(239.1258119583337, 239.5088164583337) [66]
(239.5088164583337, 239.96336179166704) [69]
(239.96336179166704, 240.44528945833372) [59]
(239.96336179166704, 241.06397862500037) [71]
(240.44528945833372, 240.92721712500037) [66]
(240.92721712500037, 241.47426312500036) [69]
(241.06397862500037, 241.47426312500036) [71]
(241.47426312500036, 241.87314612500037) [59]
(241.47426312500036, 243.95808945833372) [40, 52, 71]
(241.87314612500037, 242.27202912500036) [64]
(242.27202912500036, 242.67091212500037) [68]
(242.67091212500037, 243.0828584583337) [59]
(243.0828584583337, 243.49480479166704) [64]
(243.49480479166704, 243.95808945833372) [68]
(243.95808945833372, 244.37003579166705) [60]
(243.95808945833372, 245.19392845833372) [72, 39, 51]
(244.37003579166705, 244.78198212500038) [66]
(244.78198212500038, 245.19392845833372) [68]
(245.19392845833372, 245.63003845833373) [61]
(245.19392845833372, 246.64126845833374) [73, 49, 37]
(245.63003845833373, 246.0933231250004) [64]
(246.0933231250004, 246.64126845833374) [68]
(246.64126845833374, 247.09716079166708) [63]
(246.64126845833374, 249.1916016250004) [44, 75, 36, 48]
(247.09716079166708, 247.52278312500042) [66]
(247.52278312500042, 247.94840545833375) [68]
(247.94840545833375, 248.36035179166709) [63]
(248.36035179166709, 248.77229812500042) [66]
(248.77229812500042, 249.1916016250004) [68]
(249.1916016250004, 249.6058181250004) [64]
(249.1916016250004, 251.8503621250004) [44, 76, 37, 49]
(249.6058181250004, 250.01776445833374) [68]
(250.01776445833374, 250.42971079166708) [73]
(250.42971079166708, 250.86994845833374) [64]
(250.86994845833374, 251.32584079166708) [68]
(251.32584079166708, 251.8503621250004) [73]
(251.8503621250004, 252.29059979166706) [62]
(251.8503621250004, 254.55797579166705) [42, 30, 74]
(252.29059979166706, 252.7114751250004) [66]
(252.7114751250004, 253.13235045833372) [69]
(253.13235045833372, 253.5829024583337) [62]
(253.5829024583337, 254.03345445833372) [66]
(254.03345445833372, 254.55797579166705) [69]
(254.55797579166705, 254.98826845833372) [60]
(254.55797579166705, 257.28625579166703) [44, 32, 72]
(254.98826845833372, 255.4185611250004) [66]
(255.4185611250004, 255.84885379166704) [68]
(255.84885379166704, 256.30474612500035) [60]
(256.30474612500035, 256.74498379166704) [66]
(256.74498379166704, 257.28625579166703) [68]
(257.28625579166703, 257.79016112500034) [61]
(257.28625579166703, 261.13964112500037) [73]
(257.28625579166703, 263.8565224583337) [37, 49]
(257.79016112500034, 258.257341791667) [64]
(258.257341791667, 258.69259745833364) [68]
(258.69259745833364, 259.09992945833363) [61]
(259.09992945833363, 259.4907071250003) [64]
(259.4907071250003, 259.920999791667) [68]
(259.920999791667, 260.319882791667) [61]
(260.319882791667, 260.718765791667) [65]
(260.718765791667, 261.13964112500037) [68]
(261.13964112500037, 261.555960791667) [61]
(261.13964112500037, 262.5231314583337) [73]
(261.555960791667, 261.99121645833367) [65]
(261.99121645833367, 262.5231314583337) [68]
(262.5231314583337, 262.99031212500034) [61]
(262.5231314583337, 266.326950791667) [74]
(262.99031212500034, 263.43564712500034) [66]
(263.43564712500034, 263.8565224583337) [69]
(263.8565224583337, 264.259585791667) [61]
(263.8565224583337, 265.06668312500034) [42, 54]
(264.259585791667, 264.6503634583337) [66]
(264.6503634583337, 265.06668312500034) [69]
(265.06668312500034, 265.47862945833367) [61]
(265.06668312500034, 266.326950791667) [45, 57]
(265.47862945833367, 265.8775124583337) [66]
(265.8775124583337, 266.326950791667) [69]
(266.326950791667, 266.7671884583337) [61]
(266.326950791667, 267.7056621250004) [72, 54, 42]
(266.7671884583337, 267.18806379166705) [66]
(267.18806379166705, 267.7056621250004) [69]
(267.7056621250004, 268.1458997916671) [61]
(267.7056621250004, 271.4033451250004) [73]
(267.7056621250004, 274.0355024583337) [49, 37]
(268.1458997916671, 268.5861374583337) [65]
(268.5861374583337, 269.0024571250004) [68]
(269.0024571250004, 269.39080679166705) [61]
(269.39080679166705, 269.7791564583337) [65]
(269.7791564583337, 270.1675061250004) [68]
(270.1675061250004, 270.5794524583337) [61]
(270.5794524583337, 270.99139879166705) [65]
(270.99139879166705, 271.4033451250004) [68]
(271.4033451250004, 271.82422045833374) [61]
(271.4033451250004, 272.73892279166705) [73]
(271.82422045833374, 272.24509579166704) [65]
(272.24509579166704, 272.73892279166705) [68]
(272.73892279166705, 273.18425779166705) [61]
(272.73892279166705, 276.52970512500036) [74]
(273.18425779166705, 273.60988012500036) [66]
(273.60988012500036, 274.0355024583337) [69]
(274.0355024583337, 274.4428344583337) [61]
(274.0355024583337, 275.2385161250004) [54, 42]
(274.4428344583337, 274.8501664583337) [66]
(274.8501664583337, 275.2385161250004) [69]
(275.2385161250004, 275.65939145833374) [61]
(275.2385161250004, 276.52970512500036) [57, 45]
(275.65939145833374, 276.08026679166704) [66]
(276.08026679166704, 276.52970512500036) [69]
(276.52970512500036, 276.96994279166705) [61]
(276.52970512500036, 277.94351379166704) [72, 42, 54]
(276.96994279166705, 277.4101804583337) [66]
(277.4101804583337, 277.94351379166704) [69]
(277.94351379166704, 278.3994061250004) [61]
(277.94351379166704, 280.5207531250004) [37, 49, 73]
(278.3994061250004, 278.8552984583337) [65]
(278.8552984583337, 279.2855911250004) [68]
(279.2855911250004, 279.6724384583337) [61]
(279.6724384583337, 280.05928579166704) [65]
(280.05928579166704, 280.5207531250004) [68]
(280.5207531250004, 280.9713051250004) [61]
(280.5207531250004, 283.11898012500046) [42, 30, 73]
(280.9713051250004, 281.4015977916671) [66]
(281.4015977916671, 281.83189045833376) [69]
(281.83189045833376, 282.22667912500043) [61]
(282.22667912500043, 282.6214677916671) [66]
(282.6214677916671, 283.11898012500046) [69]
(283.11898012500046, 283.54460245833377) [59]
(283.11898012500046, 286.7529204583338) [71, 39, 51]
(283.54460245833377, 283.93939112500044) [66]
(283.93939112500044, 284.3341797916671) [69]
(284.3341797916671, 284.7372431250004) [59]
(284.7372431250004, 285.1403064583338) [66]
(285.1403064583338, 285.51766479166713) [69]
(285.51766479166713, 285.9176647916671) [59]
(285.9176647916671, 286.31766479166714) [66]
(286.31766479166714, 286.7529204583338) [69]
(286.7529204583338, 287.14770912500046) [59]
(286.7529204583338, 287.9865964583338) [71, 40, 52]
(287.14770912500046, 287.53070412500045) [64]
(287.53070412500045, 287.9865964583338) [68]
(287.9865964583338, 288.3985427916671) [57]
(287.9865964583338, 289.2196131250005) [69, 37, 49]
(288.3985427916671, 288.7893204583338) [64]
(288.7893204583338, 289.2196131250005) [68]
(289.2196131250005, 289.61440179166715) [57]
(289.2196131250005, 290.4215614583338) [69, 39, 51]
(289.61440179166715, 290.0091904583338) [63]
(290.0091904583338, 290.4215614583338) [66]
(290.4215614583338, 290.82044445833384) [56]
(290.4215614583338, 291.6448594583338) [68, 48, 36]
(290.82044445833384, 291.21932745833385) [63]
(291.21932745833385, 291.6448594583338) [66]
(291.6448594583338, 292.0611791250005) [56]
(291.6448594583338, 292.93896612500055) [68, 49, 37]
(292.0611791250005, 292.4774987916672) [61]
(292.4774987916672, 292.93896612500055) [64]
(292.93896612500055, 293.3552857916672) [54]
(292.93896612500055, 295.36373145833386) [45, 33, 66]
(293.3552857916672, 293.7460634583339) [61]
(293.7460634583339, 294.13684112500056) [63]
(294.13684112500056, 294.5276187916672) [54]
(294.5276187916672, 294.91839645833386) [61]
(294.91839645833386, 295.36373145833386) [63]
(295.36373145833386, 295.80396912500055) [56]
(295.36373145833386, 296.73524545833385) [68, 32, 44]
(295.80396912500055, 296.2442067916672) [61]
(296.2442067916672, 296.73524545833385) [63]
(296.73524545833385, 297.2024261250005) [57]
(296.73524545833385, 298.23282845833387) [69, 42, 30]
(297.2024261250005, 297.6696067916672) [61]
(297.6696067916672, 298.23282845833387) [63]
(298.23282845833387, 298.7647434583339) [56]
(298.23282845833387, 301.09924145833395) [44, 32, 68]
(298.7647434583339, 299.26225579166726) [61]
(299.26225579166726, 299.7471041250006) [64]
(299.7471041250006, 300.20857145833395) [56]
(300.20857145833395, 300.65390645833395) [61]
(300.65390645833395, 301.09924145833395) [64]
(301.09924145833395, 301.54979345833397) [54]
(301.09924145833395, 304.0904094583339) [44, 32, 68]
(301.54979345833397, 302.0003454583339) [60]
(302.0003454583339, 302.51107079166724) [63]
(302.51107079166724, 302.9816591250006) [54]
(302.9816591250006, 303.4522474583339) [60]
(303.4522474583339, 304.0904094583339) [63]
(304.0904094583339, 304.66216479166724) [52]
(304.0904094583339, 305.57623312500056) [61]
(304.0904094583339, 308.0941064583339) [44]
(304.0904094583339, 309.6608864583339) [37]
(304.66216479166724, 305.1409774583339) [56]
(305.1409774583339, 305.57623312500056) [61]
(305.57623312500056, 305.9881794583339) [56]
(305.9881794583339, 306.3912427916672) [61]
(306.3912427916672, 306.8314804583339) [64]
(306.8314804583339, 307.25235579166724) [56]
(307.25235579166724, 307.67323112500054) [61]
(307.67323112500054, 308.0941064583339) [64]
(308.0941064583339, 308.59161879166726) [56]
(308.0941064583339, 309.2320699583339) [44]
(308.59161879166726, 309.08913112500056) [61]
(309.08913112500056, 309.6608864583339) [64]
(309.2320699583339, 309.6608864583339) [44]
(309.6608864583339, 310.0882505833339) [56]
(309.6608864583339, 313.3311597500006) [44]
(309.6608864583339, 314.9411804166673) [36]
(310.0882505833339, 310.50461583333396) [63]
(310.50461583333396, 310.9098677500006) [66]
(310.9098677500006, 311.3006454166673) [56]
(311.3006454166673, 311.691423083334) [63]
(311.691423083334, 312.0822007500006) [66]
(312.0822007500006, 312.49852041666725) [56]
(312.49852041666725, 312.91484008333396) [63]
(312.91484008333396, 313.3311597500006) [66]
(313.3311597500006, 313.8221984166673) [56]
(313.3311597500006, 314.4702229166673) [44]
(313.8221984166673, 314.31323708333395) [63]
(314.31323708333395, 314.9411804166673) [66]
(314.4702229166673, 314.9411804166673) [44]
(314.9411804166673, 315.35303637500067) [56]
(314.9411804166673, 318.4104182916674) [44]
(314.9411804166673, 319.889516958334) [37]
(315.35303637500067, 315.75041591666735) [64]
(315.75041591666735, 316.1348842916674) [61]
(316.1348842916674, 316.5104006250007) [68]
(316.5104006250007, 316.88591695833406) [64]
(316.88591695833406, 317.2614332916674) [73]
(317.2614332916674, 317.6444282916674) [68]
(317.6444282916674, 318.0274232916674) [76]
(318.0274232916674, 318.4104182916674) [73]
(318.4104182916674, 318.8506559583341) [80]
(318.4104182916674, 319.44054945833403) [44]
(318.8506559583341, 319.2908936250007) [76]
(319.2908936250007, 319.889516958334) [73]
(319.44054945833403, 319.889516958334) [44]
(319.889516958334, 320.37436529166735) [72]
(319.889516958334, 323.64799541666736) [44]
(319.889516958334, 325.26829808333406) [32]
(320.37436529166735, 320.7790404166673) [75]
(320.7790404166673, 321.17334854166734) [69]
(321.17334854166734, 321.556844083334) [72]
(321.556844083334, 321.93236041666734) [66]
(321.93236041666734, 322.31920775000066) [69]
(322.31920775000066, 322.706055083334) [63]
(322.706055083334, 323.09290241666736) [66]
(323.09290241666736, 324.1655937500007) [57]
(323.64799541666736, 324.80490608333406) [44]
(323.64799541666736, 325.26829808333406) [60]
(324.1655937500007, 324.65044208333404) [56]
(324.65044208333404, 325.26829808333406) [54]
(324.80490608333406, 325.26829808333406) [44]
(325.26829808333406, 325.6891734166674) [61, 52]
(325.26829808333406, 328.93017708333406) [44]
(325.26829808333406, 330.36203775000075) [37]
(325.6891734166674, 326.06653175000076) [64]
(326.06653175000076, 326.44389008333405) [61]
(326.44389008333405, 326.82688508333405) [68]
(326.82688508333405, 327.22994841666736) [64]
(327.22994841666736, 327.6330117500007) [73]
(327.6330117500007, 328.036075083334) [68]
(328.036075083334, 328.4391384166674) [76]
(328.4391384166674, 328.93017708333406) [73]
(328.93017708333406, 329.3510524166674) [80]
(328.93017708333406, 329.94571800000074) [44]
(329.3510524166674, 329.80694475000075) [76]
(329.80694475000075, 330.36203775000075) [73]
(329.94571800000074, 330.36203775000075) [44]
(330.36203775000075, 330.86594308333406) [72]
(330.36203775000075, 334.16157641666734) [44]
(330.36203775000075, 335.9438054166673) [32]
(330.86594308333406, 331.27327508333406) [75]
(331.27327508333406, 331.68060708333405) [69]
(331.68060708333405, 332.0652224166674) [72]
(332.0652224166674, 332.4733857500007) [66]
(332.4733857500007, 332.854338083334) [69]
(332.854338083334, 333.26250141666736) [63]
(333.26250141666736, 333.65085108333403) [66]
(333.65085108333403, 334.71666941666734) [57]
(334.16157641666734, 335.43977316666735) [44]
(334.16157641666734, 335.9438054166673) [60]
(334.71666941666734, 335.27176241666734) [56]
(335.27176241666734, 335.9438054166673) [54]
(335.43977316666735, 335.9438054166673) [44]
(335.9438054166673, 336.4477107500006) [52, 61]
(335.9438054166673, 338.467103083334) [44]
(335.9438054166673, 343.58145408333394) [37]
(336.4477107500006, 336.8879484166673) [56]
(336.8879484166673, 337.282737083334) [61]
(337.282737083334, 337.67752575000065) [64]
(337.67752575000065, 338.0723144166673) [61]
(338.0723144166673, 338.467103083334) [56]
(338.467103083334, 341.0374527500006) [49]
(338.86189175000067, 339.25668041666734) [52]
(339.25668041666734, 339.68230275000064) [56]
(339.68230275000064, 340.107925083334) [61]
(340.107925083334, 340.5335474166673) [56]
(340.5335474166673, 341.0374527500006) [52]
(341.0374527500006, 343.5678523437506) [44]
(341.4727084166673, 341.88490941666726) [49]
(341.8333842916673, 342.22683987500056) [52]
(342.27568708333393, 342.7109427500006) [56]
(342.7109427500006, 343.1461984166673) [52]
(343.1461984166673, 343.58145408333394) [49]
(343.58145408333394, 344.0087836666673) [44]
(344.0087836666673, 344.4123350000006) [49]
(344.4123350000006, 344.81872183333394) [44]
(344.81872183333394, 345.24434416666725) [40]
(345.24434416666725, 345.7762591666673) [44]
(345.7762591666673, 346.5275738333339) [40]
(346.5275738333339, 349.80984983333394) [37]
(349.80984983333394, 353.1034732166672) [37, 52, 56, 61, 49, 44]
(353.1034732166672, 361.9839022166672) [37, 52, 56, 61, 49, 44]
