(0.0, 1.419782) [37, 49, 53, 56]
(1.419782, 2.8673090000000006) [30, 49, 58, 54]
(2.8673090000000006, 4.811153000000001) [37, 49, 53, 56]
(4.811153000000001, 5.496554000000001) [30, 58, 51, 49]
(5.496554000000001, 6.916336000000001) [32, 49, 51, 56]
(6.916336000000001, 8.102241000000001) [44]
(6.916336000000001, 8.271656000000002) [51, 48, 56]
(8.102241000000001, 8.271656000000002) [42]
(8.271656000000002, 9.120712250000002) [41]
(8.271656000000002, 10.834966500000002) [56, 53, 49]
(9.120712250000002, 9.434848500000003) [42]
(9.434848500000003, 9.927729000000003) [44]
(9.927729000000003, 10.092022500000002) [42]
(10.092022500000002, 10.63367825) [41]
(10.63367825, 10.834966500000002) [39]
(10.834966500000002, 12.196436500000003) [49, 53, 61, 56, 37]
(12.196436500000003, 13.742031500000003) [30, 61, 54, 58, 42]
(13.742031500000003, 15.668714500000004) [49, 61, 56, 53, 37]
(15.668714500000004, 16.378605500000003) [45, 55, 52, 61, 33]
(16.378605500000003, 17.798387500000004) [44, 61, 54, 51, 32]
(17.798387500000004, 19.264663500000005) [54, 51, 60]
(17.798387500000004, 19.757544000000003) [44]
(19.264663500000005, 21.335837583333333) [49, 53, 61]
(19.757544000000003, 19.925764333333337) [42]
(19.925764333333337, 20.461903208333336) [41]
(20.461903208333336, 20.655102583333335) [39]
(20.655102583333335, 21.335837583333333) [37]
(22.016572583333335, 23.436354583333337) [37, 49, 53, 56]
(23.436354583333337, 24.902630583333337) [30, 49, 54, 58]
(24.902630583333337, 26.810771583333338) [37, 49, 53, 56]
(26.810771583333338, 27.470112083333337) [30, 49, 51, 58]
(27.470112083333337, 28.88989408333334) [32, 49, 51, 56]
(28.88989408333334, 30.07579908333334) [44]
(28.88989408333334, 30.245214083333337) [56, 51, 48]
(30.07579908333334, 30.245214083333337) [42]
(30.245214083333337, 31.094270333333338) [41]
(30.245214083333337, 32.79438833333334) [56, 53, 49]
(31.094270333333338, 31.39427033333334) [42]
(31.39427033333334, 31.887150833333337) [44]
(31.887150833333337, 32.051444333333336) [42]
(32.051444333333336, 32.59310008333333) [41]
(32.59310008333333, 32.79438833333334) [39]
(32.79438833333334, 34.113069333333335) [49, 61, 53, 56, 37]
(34.113069333333335, 35.692016333333335) [42, 61, 54, 58, 30]
(35.692016333333335, 37.61869933333333) [49, 61, 53, 56, 37]
(37.61869933333333, 38.32859033333333) [45, 61, 52, 55, 33]
(38.32859033333333, 39.748372333333336) [44, 61, 51, 54, 32]
(39.748372333333336, 41.214648333333336) [60, 51, 54]
(39.748372333333336, 41.707528833333335) [44]
(41.214648333333336, 43.28582241666667) [49, 53, 61]
(41.707528833333335, 41.87574916666667) [42]
(41.87574916666667, 42.41188804166667) [41]
(42.41188804166667, 42.60508741666667) [39]
(42.60508741666667, 43.28582241666667) [37]
(43.96655741666667, 45.386339416666665) [44, 56, 48, 51, 42]
(45.386339416666665, 46.596595916666665) [44, 56, 48, 54, 39]
(46.596595916666665, 46.79788416666667) [44, 56, 48, 51, 42]
(46.79788416666667, 47.83117941666667) [44, 56, 49, 53, 41]
(47.83117941666667, 48.15599541666667) [44, 61, 53, 56, 37]
(48.15599541666667, 48.87062141666667) [44, 60, 56, 54, 39]
(48.87062141666667, 49.55602241666667) [44, 61, 53, 56, 37]
(49.55602241666667, 50.97580441666667) [44, 56, 48, 51, 42]
(50.97580441666667, 52.18606091666667) [44, 56, 48, 54, 39]
(52.18606091666667, 52.387349166666674) [44, 56, 48, 51, 42]
(52.387349166666674, 53.47878916666667) [44, 56, 49, 53, 41]
(53.47878916666667, 53.83173041666667) [44, 65, 53, 56, 37]
(53.83173041666667, 54.15654641666667) [65]
(53.83173041666667, 54.50522141666667) [44, 56, 54, 36]
(54.15654641666667, 54.50522141666667) [63]
(54.50522141666667, 55.23835941666667) [44, 61, 53, 56, 37]
(55.23835941666667, 56.658141416666666) [44, 56, 48, 51, 42]
(56.658141416666666, 57.959136666666666) [44, 56, 48, 54, 39]
(57.959136666666666, 58.16042491666667) [44, 56, 48, 51, 42]
(58.16042491666667, 59.215857416666665) [53, 68, 56, 61, 41]
(59.215857416666665, 59.568798666666666) [49, 68, 61, 65, 37]
(59.568798666666666, 59.889997916666665) [68]
(59.568798666666666, 60.230365416666665) [51, 63, 60, 39]
(59.889997916666665, 60.230365416666665) [66]
(60.230365416666665, 60.91576641666666) [53, 65, 56, 61, 41]
(60.91576641666666, 62.34501841666666) [42, 54, 58, 63]
(62.34501841666666, 63.81129441666666) [56, 48, 51]
(62.34501841666666, 64.30417491666667) [44]
(63.81129441666666, 65.8824685) [49, 53, 61]
(64.30417491666667, 64.47239524999999) [42]
(64.47239524999999, 65.008534125) [41]
(65.008534125, 65.2017335) [39]
(65.2017335, 65.8824685) [37]
(66.5632035, 67.9829855) [44, 56, 48, 51, 42]
(67.9829855, 69.193242) [44, 56, 48, 54, 39]
(69.193242, 69.39453024999999) [44, 56, 48, 51, 42]
(69.39453024999999, 70.45335399999999) [44, 56, 49, 53, 41]
(70.45335399999999, 70.78668724999999) [44, 61, 53, 56, 37]
(70.78668724999999, 71.50131324999998) [44, 60, 56, 54, 39]
(71.50131324999998, 72.18671424999998) [44, 61, 53, 56, 37]
(72.18671424999998, 73.60649624999998) [44, 56, 48, 51, 42]
(73.60649624999998, 74.81675274999998) [44, 56, 48, 54, 39]
(74.81675274999998, 75.01804099999997) [44, 56, 48, 51, 42]
(75.01804099999997, 76.10948099999996) [44, 56, 49, 53, 41]
(76.10948099999996, 76.47092674999996) [44, 65, 53, 56, 37]
(76.47092674999996, 76.79574274999996) [65]
(76.47092674999996, 77.14441774999996) [44, 56, 54, 36]
(76.79574274999996, 77.14441774999996) [63]
(77.14441774999996, 77.87755574999996) [44, 61, 53, 56, 37]
(77.87755574999996, 79.29733774999995) [44, 56, 48, 51, 42]
(79.29733774999995, 80.60252424999995) [44, 56, 48, 54, 39]
(80.60252424999995, 80.80800374999995) [44, 56, 48, 51, 42]
(80.80800374999995, 81.91531324999995) [53, 68, 56, 61, 41]
(81.91531324999995, 82.26825449999995) [49, 68, 61, 65, 37]
(82.26825449999995, 82.58945374999996) [68]
(82.26825449999995, 82.92982124999996) [51, 63, 60, 39]
(82.58945374999996, 82.92982124999996) [66]
(82.92982124999996, 83.61522224999996) [53, 65, 56, 61, 41]
(83.61522224999996, 85.04447424999996) [42, 54, 58, 63]
(85.04447424999996, 86.51075024999996) [56, 48, 51]
(85.04447424999996, 87.00363074999996) [44]
(86.51075024999996, 88.5819243333333) [49, 53, 61]
(87.00363074999996, 87.1718510833333) [42]
(87.1718510833333, 87.7079899583333) [41]
(87.7079899583333, 87.9011893333333) [39]
(87.9011893333333, 88.5819243333333) [37]
(89.2626593333333, 89.9122913333333) [56, 53, 49]
(89.9122913333333, 91.2753478333333) [37]
(90.6181738333333, 91.2753478333333) [58, 49, 54]
(91.2753478333333, 92.58435533333329) [30]
(91.9560828333333, 92.58435533333329) [56, 49, 53]
(92.58435533333329, 93.86915233333329) [32]
(93.22675383333329, 93.86915233333329) [58, 49, 51]
(93.86915233333329, 95.16936983333329) [31]
(94.5340458333333, 95.16936983333329) [56, 49, 51]
(95.16936983333329, 96.4766618333333) [32]
(95.8342633333333, 96.4766618333333) [56, 48, 51]
(96.4766618333333, 97.38422829166663) [42]
(97.09449704166663, 97.38422829166663) [54]
(97.38422829166663, 97.9746639583333) [41]
(97.67743366666662, 97.9746639583333) [53]
(97.9746639583333, 98.58240116666663) [39]
(98.27664454166663, 98.58240116666663) [51]
(98.58240116666663, 99.20672691666664) [37]
(98.89259066666664, 99.20672691666664) [49]
(99.20672691666664, 100.14236716666663) [36]
(99.52086316666663, 100.14236716666663) [61, 53, 56]
(100.14236716666663, 101.44965916666663) [37]
(100.80726066666664, 101.44965916666663) [61, 54, 58]
(101.44965916666663, 102.75866666666663) [42]
(102.13039416666663, 102.75866666666663) [61, 53, 56]
(102.75866666666663, 104.04346366666663) [44]
(103.40106516666663, 104.04346366666663) [61, 52, 55]
(104.04346366666663, 105.34368116666663) [45]
(104.70835716666663, 105.34368116666663) [61, 51, 54]
(105.34368116666663, 106.65097316666663) [44]
(106.00857466666663, 106.65097316666663) [60, 51, 54]
(106.65097316666663, 107.55853962499997) [32]
(107.26880837499996, 107.55853962499997) [61, 49, 53]
(107.55853962499997, 108.14897529166663) [37]
(107.85174499999995, 108.14897529166663) [56]
(108.14897529166663, 108.75671249999996) [44]
(108.45095587499996, 108.75671249999996) [53]
(108.75671249999996, 109.38221349999996) [41]
(109.06690199999997, 109.38221349999996) [51]
(109.38221349999996, 110.33145449999996) [39]
(109.69987549999996, 110.33145449999996) [56, 49, 53]
(110.33145449999996, 111.60218499999996) [37]
(110.98362849999997, 111.60218499999996) [58, 49, 54]
(111.60218499999996, 112.86660399999997) [30]
(112.25435899999997, 112.86660399999997) [56, 49, 53]
(112.86660399999997, 114.12976199999997) [32]
(113.49818299999997, 114.12976199999997) [58, 49, 51]
(114.12976199999997, 115.42997949999997) [31]
(114.79465549999998, 115.42997949999997) [56, 49, 51]
(115.42997949999997, 116.71373249999998) [32]
(116.08215349999998, 116.71373249999998) [56, 48, 51]
(116.71373249999998, 117.61728195833331) [42]
(117.33156770833331, 117.61728195833331) [54]
(117.61728195833331, 118.19700570833331) [41]
(117.9057434583333, 118.19700570833331) [53]
(118.19700570833331, 118.79238329166662) [39]
(118.4911234583333, 118.79238329166662) [51]
(118.79238329166662, 119.41161129166663) [37]
(119.09747504166663, 119.41161129166663) [49]
(119.41161129166663, 120.34725154166662) [36]
(119.72574754166662, 120.34725154166662) [61, 53, 56]
(120.34725154166662, 121.61741304166662) [37]
(120.99241304166662, 121.61741304166662) [61, 54, 58]
(121.61741304166662, 122.88183204166663) [42]
(122.26958704166663, 122.88183204166663) [61, 53, 56]
(122.88183204166663, 124.14499004166663) [44]
(123.51341104166663, 124.14499004166663) [61, 52, 55]
(124.14499004166663, 125.43488354166664) [45]
(124.80988354166664, 125.43488354166664) [61, 51, 54]
(125.43488354166664, 126.74217554166664) [44]
(126.09977704166664, 126.74217554166664) [60, 51, 54]
(126.74217554166664, 127.64974199999997) [32]
(127.36001074999997, 127.64974199999997) [61, 49, 53]
(127.64974199999997, 128.24017766666663) [37]
(127.94294737499996, 128.24017766666663) [56]
(128.24017766666663, 128.84791487499996) [44]
(128.54215824999997, 128.84791487499996) [53]
(128.84791487499996, 129.47224062499996) [41]
(129.15810437499997, 129.47224062499996) [49]
(129.47224062499996, 129.78637687499997) [37]
(129.78637687499997, 130.38818237499999) [56, 51, 48]
(130.38818237499999, 131.63177887499998) [42]
(131.02350637499998, 131.63177887499998) [56, 48, 51]
(131.63177887499998, 132.52128837499998) [66]
(132.23155712499997, 132.813003625) [56, 53, 49]
(132.52128837499998, 132.813003625) [65]
(132.813003625, 133.10471887499997) [53]
(133.10471887499997, 133.39643412499998) [49]
(133.39643412499998, 133.68814937499997) [54]
(133.68814937499997, 133.97986462499998) [51]
(133.97986462499998, 134.271579875) [56]
(134.271579875, 134.56329512499997) [53]
(134.56329512499997, 135.16510062499998) [56, 51, 48]
(135.16510062499998, 136.40869712499997) [42]
(135.80042462499998, 136.40869712499997) [60, 51, 56]
(136.40869712499997, 137.29721462499998) [66, 68]
(137.00847537499996, 137.58595387499997) [61, 53, 56]
(137.29721462499998, 137.58595387499997) [65]
(137.58595387499997, 137.87469312499996) [56]
(137.87469312499996, 138.16343237499999) [49, 53]
(138.16343237499999, 138.45217162499998) [60]
(138.45217162499998, 138.74091087499997) [51, 54]
(138.74091087499997, 139.02965012499996) [61]
(139.02965012499996, 139.34549605416663) [53, 56]
(139.35084937499997, 139.95265487499998) [56, 51, 48]
(139.95265487499998, 141.19625137499997) [30, 42]
(140.58797887499998, 141.19625137499997) [63, 54, 60]
(141.19625137499997, 142.08476887499998) [72, 75]
(141.79602962499996, 142.37350812499997) [61, 65, 53]
(142.08476887499998, 142.37350812499997) [77, 73]
(142.37350812499997, 142.66224737499996) [53, 65]
(142.66224737499996, 142.95098662499998) [37, 49]
(142.95098662499998, 143.23972587499998) [54, 66]
(143.23972587499998, 143.52846512499997) [39, 51]
(143.52846512499997, 143.81720437499996) [56, 68]
(143.81720437499996, 144.76405391666663) [53, 41]
(144.15352712499995, 144.76405391666663) [70, 58]
(144.76405391666663, 146.01413191666663) [42]
(145.39937791666662, 146.01413191666663) [56, 48, 51]
(146.01413191666663, 146.8922614583333) [44]
(146.6025302083333, 146.8922614583333) [54]
(146.8922614583333, 147.48269712499996) [42]
(147.1854668333333, 147.48269712499996) [53]
(147.48269712499996, 148.0904343333333) [41]
(147.7846777083333, 148.0904343333333) [51]
(148.0904343333333, 148.7147600833333) [39]
(148.4006238333333, 148.7147600833333) [49]
(148.7147600833333, 149.0288963333333) [37]
(149.0288963333333, 149.63070183333332) [56, 51, 48]
(149.63070183333332, 150.87429833333331) [42]
(150.26602583333332, 150.87429833333331) [56, 48, 51]
(150.87429833333331, 151.76380783333332) [66]
(151.4740765833333, 152.05552308333333) [56, 53, 49]
(151.76380783333332, 152.05552308333333) [65]
(152.05552308333333, 152.3472383333333) [53]
(152.3472383333333, 152.63895358333332) [49]
(152.63895358333332, 152.92741508333333) [54]
(152.92741508333333, 153.2158765833333) [51]
(153.2158765833333, 153.50433808333332) [56]
(153.50433808333332, 153.7927995833333) [53]
(153.7927995833333, 154.39460508333332) [56, 51, 48]
(154.39460508333332, 155.6382015833333) [42]
(155.02992908333331, 155.6382015833333) [60, 51, 56]
(155.6382015833333, 156.52671908333332) [66, 68]
(156.2379798333333, 156.8154583333333) [61, 53, 56]
(156.52671908333332, 156.8154583333333) [65]
(156.8154583333333, 157.1041975833333) [56]
(157.1041975833333, 157.39293683333332) [49, 53]
(157.39293683333332, 157.67595558333332) [60]
(157.67595558333332, 157.95897433333332) [51, 54]
(157.95897433333332, 158.2419930833333) [61]
(158.2419930833333, 158.56616882916666) [53, 56]
(158.5716633333333, 159.17346883333332) [56, 51, 48]
(159.17346883333332, 160.4170653333333) [30, 42]
(159.8087928333333, 160.4170653333333) [63, 54, 60]
(160.4170653333333, 161.30558283333332) [72, 75]
(161.0168435833333, 161.5943220833333) [61, 65, 53]
(161.30558283333332, 161.5943220833333) [77, 73]
(161.5943220833333, 161.8830613333333) [53, 65]
(161.8830613333333, 162.17180058333332) [37, 49]
(162.17180058333332, 162.45481933333332) [54, 66]
(162.45481933333332, 162.73783808333332) [39, 51]
(162.73783808333332, 163.0208568333333) [56, 68]
(163.0208568333333, 163.96846237499997) [53, 41]
(163.3579355833333, 163.96846237499997) [70, 58]
(163.96846237499997, 165.21854037499998) [42]
(164.60378637499997, 165.21854037499998) [56, 48, 51]
(165.21854037499998, 166.09666991666666) [44]
(165.80693866666664, 166.09666991666666) [53]
(166.09666991666666, 166.6871055833333) [41]
(166.38987529166664, 166.6871055833333) [51]
(166.6871055833333, 167.60503229166665) [39]
(166.98908616666665, 167.29484279166664) [49]
(167.60503229166665, 168.23330479166665) [37]
(168.23330479166665, 168.51357379166666) [68]
(168.23330479166665, 169.37132654166666) [49]
(168.51357379166666, 168.80528904166667) [65]
(168.80528904166667, 169.08830779166667) [61]
(169.08830779166667, 169.37132654166666) [68]
(169.37132654166666, 169.65434529166666) [61]
(169.37132654166666, 170.52949104166666) [42]
(169.65434529166666, 169.94606054166667) [70]
(169.94606054166667, 170.23777579166665) [66]
(170.23777579166665, 170.52949104166666) [61]
(170.52949104166666, 170.81250979166666) [68]
(170.52949104166666, 172.24212979166666) [49]
(170.81250979166666, 171.10422504166667) [65]
(171.10422504166667, 171.38724379166666) [61]
(171.38724379166666, 171.67598304166665) [68]
(171.67598304166665, 171.95625204166666) [61]
(171.95625204166666, 172.24212979166666) [68]
(172.24212979166666, 172.52800754166665) [63, 61]
(172.24212979166666, 172.82891029166666) [42]
(172.52800754166665, 172.82891029166666) [70]
(172.82891029166666, 173.12062554166667) [68]
(172.82891029166666, 173.98684329166667) [44]
(173.12062554166667, 173.40936479166666) [63]
(173.40936479166666, 173.69810404166668) [61]
(173.69810404166668, 173.98684329166667) [68]
(173.98684329166667, 174.28584720833334) [60]
(173.98684329166667, 175.71546470833334) [56]
(174.28584720833334, 174.57172495833333) [68]
(174.57172495833333, 174.85760270833333) [63]
(174.85760270833333, 175.14348045833333) [60]
(175.14348045833333, 175.43519570833334) [68]
(175.43519570833334, 175.71546470833334) [65]
(175.71546470833334, 175.99573370833335) [54, 61]
(175.99573370833335, 176.28744895833336) [53, 68]
(176.28744895833336, 176.57046770833335) [65]
(176.28744895833336, 176.85073670833336) [51]
(176.57046770833335, 176.85073670833336) [73]
(176.85073670833336, 177.14199895833335) [68]
(176.85073670833336, 177.44199895833336) [49]
(177.14199895833335, 177.44199895833336) [65]
(177.44199895833336, 177.72226795833336) [73]
(177.44199895833336, 178.58596745833339) [61]
(177.72226795833336, 178.01398320833337) [68]
(178.01398320833337, 178.29425220833338) [65]
(178.29425220833338, 178.58596745833339) [73]
(178.58596745833339, 178.87768270833337) [66]
(178.58596745833339, 179.75282845833337) [54]
(178.87768270833337, 179.16939795833338) [73]
(179.16939795833338, 179.4611132083334) [70]
(179.4611132083334, 179.75282845833337) [66]
(179.75282845833337, 180.03584720833337) [73]
(179.75282845833337, 181.48884545833337) [61]
(180.03584720833337, 180.32458645833336) [68]
(180.32458645833336, 180.61332570833338) [65]
(180.61332570833338, 180.90206495833337) [73]
(180.90206495833337, 181.20296770833338) [65]
(181.20296770833338, 181.48884545833337) [73]
(181.48884545833337, 181.77472320833337) [67, 64]
(181.48884545833337, 182.07562595833338) [57]
(181.77472320833337, 182.07562595833338) [73]
(182.07562595833338, 182.3673412083334) [63]
(182.07562595833338, 183.2335589583334) [56]
(182.3673412083334, 182.65608045833338) [73]
(182.65608045833338, 182.9448197083334) [66]
(182.9448197083334, 183.2335589583334) [63]
(183.2335589583334, 183.53256287500005) [72]
(183.2335589583334, 184.96218037500006) [44]
(183.53256287500005, 183.81844062500005) [66]
(183.81844062500005, 184.10431837500005) [63]
(184.10431837500005, 184.39019612500005) [72]
(184.39019612500005, 184.68191137500006) [73]
(184.68191137500006, 184.96218037500006) [68]
(184.96218037500006, 185.24244937500006) [37, 65]
(185.24244937500006, 185.52546812500006) [41, 73]
(185.52546812500006, 185.81427629166674) [44, 68]
(185.81427629166674, 186.10899229166674) [49, 65]
(186.10899229166674, 186.41152433333343) [53, 61]
(186.41152433333343, 186.72340595833344) [51, 68]
(186.72340595833344, 187.00367495833345) [68]
(186.72340595833344, 187.86142770833345) [49]
(187.00367495833345, 187.29539020833346) [65]
(187.29539020833346, 187.57840895833345) [61]
(187.57840895833345, 187.86142770833345) [68]
(187.86142770833345, 188.14444645833345) [61]
(187.86142770833345, 189.01959220833345) [42]
(188.14444645833345, 188.43616170833346) [70]
(188.43616170833346, 188.72787695833344) [66]
(188.72787695833344, 189.01959220833345) [61]
(189.01959220833345, 189.30261095833345) [68]
(189.01959220833345, 190.72183020833344) [49]
(189.30261095833345, 189.59432620833346) [65]
(189.59432620833346, 189.87734495833345) [61]
(189.87734495833345, 190.16608420833344) [68]
(190.16608420833344, 190.43881145833345) [61]
(190.43881145833345, 190.72183020833344) [68]
(190.72183020833344, 191.00484895833344) [63, 61]
(190.72183020833344, 191.30575170833345) [42]
(191.00484895833344, 191.30575170833345) [70]
(191.30575170833345, 191.58612545833344) [68]
(191.30575170833345, 192.45150995833345) [44]
(191.58612545833344, 191.87458695833345) [63]
(191.87458695833345, 192.16304845833344) [61]
(192.16304845833344, 192.45150995833345) [68]
(192.45150995833345, 192.7477253750001) [60]
(192.45150995833345, 194.1773428750001) [56]
(192.7477253750001, 193.0336031250001) [68]
(193.0336031250001, 193.3194808750001) [63]
(193.3194808750001, 193.6053586250001) [60]
(193.6053586250001, 193.8970738750001) [68]
(193.8970738750001, 194.1773428750001) [65]
(194.1773428750001, 194.44761312500012) [54, 61]
(194.44761312500012, 194.73932837500013) [53, 68]
(194.73932837500013, 195.02234712500012) [65]
(194.73932837500013, 195.30261612500013) [51]
(195.02234712500012, 195.30261612500013) [73]
(195.30261612500013, 195.59387837500012) [68]
(195.30261612500013, 195.89387837500013) [49]
(195.59387837500012, 195.89387837500013) [65]
(195.89387837500013, 196.17414737500013) [73]
(195.89387837500013, 197.03784687500016) [61]
(196.17414737500013, 196.46586262500014) [68]
(196.46586262500014, 196.74613162500015) [65]
(196.74613162500015, 197.03784687500016) [73]
(197.03784687500016, 197.32956212500014) [66]
(197.03784687500016, 198.20470787500014) [54]
(197.32956212500014, 197.62127737500015) [73]
(197.62127737500015, 197.91299262500016) [70]
(197.91299262500016, 198.20470787500014) [66]
(198.20470787500014, 198.48772662500014) [73]
(198.20470787500014, 199.94072487500014) [61]
(198.48772662500014, 198.77646587500013) [68]
(198.77646587500013, 199.06520512500015) [65]
(199.06520512500015, 199.35394437500014) [73]
(199.35394437500014, 199.65484712500015) [65]
(199.65484712500015, 199.94072487500014) [73]
(199.94072487500014, 200.21595412500014) [67, 64]
(199.94072487500014, 200.51685687500014) [57]
(200.21595412500014, 200.51685687500014) [73]
(200.51685687500014, 200.79723062500014) [63]
(200.51685687500014, 201.66261512500014) [56]
(200.79723062500014, 201.08569212500015) [73]
(201.08569212500015, 201.37415362500013) [66]
(201.37415362500013, 201.66261512500014) [63]
(201.66261512500014, 201.96152645833345) [72]
(201.66261512500014, 203.39114395833346) [44]
(201.96152645833345, 202.24740420833345) [66]
(202.24740420833345, 202.53328195833345) [63]
(202.53328195833345, 202.81915970833344) [72]
(202.81915970833344, 203.11087495833345) [73]
(203.11087495833345, 203.39114395833346) [68]
(203.39114395833346, 203.67141295833346) [49, 65]
(203.67141295833346, 203.95443170833346) [53, 73]
(203.95443170833346, 204.24323987500014) [53, 68]
(204.24323987500014, 204.53795587500014) [49, 65]
(204.53795587500014, 204.84048791666683) [53, 61]
(204.84048791666683, 205.15236954166684) [56, 68]
(205.15236954166684, 205.43263854166685) [68]
(205.15236954166684, 206.29039129166685) [54]
(205.15236954166684, 207.44855579166685) [56]
(205.43263854166685, 205.72435379166686) [63]
(205.72435379166686, 206.00737254166685) [60]
(206.00737254166685, 206.29039129166685) [68]
(206.29039129166685, 206.57341004166685) [60]
(206.29039129166685, 207.44855579166685) [51]
(206.57341004166685, 206.86512529166686) [68]
(206.86512529166686, 207.15684054166684) [66]
(207.15684054166684, 207.44855579166685) [60]
(207.44855579166685, 207.73157454166684) [61]
(207.44855579166685, 208.02328979166685) [56, 53]
(207.73157454166684, 208.02328979166685) [65]
(208.02328979166685, 208.30630854166685) [56, 51, 68]
(208.30630854166685, 208.60404579166686) [56, 53, 73]
(208.60404579166686, 208.88431479166687) [72]
(208.60404579166686, 209.17019254166686) [56, 51]
(208.88431479166687, 209.17019254166686) [66]
(209.17019254166686, 209.45607029166686) [73]
(209.17019254166686, 209.75697304166687) [56, 49]
(209.45607029166686, 209.75697304166687) [65]
(209.75697304166687, 210.03724204166687) [68]
(209.75697304166687, 210.89499479166687) [54]
(209.75697304166687, 212.05315929166687) [56]
(210.03724204166687, 210.32895729166688) [63]
(210.32895729166688, 210.61197604166688) [60]
(210.61197604166688, 210.89499479166687) [68]
(210.89499479166687, 211.17801354166687) [60]
(210.89499479166687, 212.05315929166687) [51]
(211.17801354166687, 211.46972879166688) [68]
(211.46972879166688, 211.76144404166686) [66]
(211.76144404166686, 212.05315929166687) [60]
(212.05315929166687, 212.33617804166687) [61]
(212.05315929166687, 212.62789329166688) [56, 53]
(212.33617804166687, 212.62789329166688) [65]
(212.62789329166688, 212.91091204166688) [56, 51, 68]
(212.91091204166688, 213.21181479166688) [56, 49, 77]
(213.21181479166688, 213.4920837916669) [75]
(213.21181479166688, 213.77796154166688) [56, 48]
(213.4920837916669, 213.77796154166688) [66]
(213.77796154166688, 214.06383929166688) [73]
(213.77796154166688, 214.3647420416669) [56, 49]
(214.06383929166688, 214.3647420416669) [65]
(214.3647420416669, 214.6450110416669) [68]
(214.3647420416669, 215.5027637916669) [54]
(214.3647420416669, 216.6609282916669) [56]
(214.6450110416669, 214.9367262916669) [63]
(214.9367262916669, 215.2197450416669) [60]
(215.2197450416669, 215.5027637916669) [68]
(215.5027637916669, 215.7857825416669) [60]
(215.5027637916669, 216.6609282916669) [51]
(215.7857825416669, 216.0774977916669) [68]
(216.0774977916669, 216.36921304166688) [66]
(216.36921304166688, 216.6609282916669) [60]
(216.6609282916669, 217.2356622916669) [53, 56, 61]
(216.9439470416669, 217.2356622916669) [80]
(217.2356622916669, 217.5186810416669) [61, 68, 54, 51]
(217.5186810416669, 217.8228172916669) [61, 80, 49, 53]
(217.8228172916669, 218.1030862916669) [78]
(217.8228172916669, 218.3889640416669) [60, 51, 54]
(218.1030862916669, 218.3889640416669) [68]
(218.3889640416669, 218.6748417916669) [77]
(218.3889640416669, 218.9757445416669) [61, 53, 56]
(218.6748417916669, 218.9757445416669) [68]
(218.9757445416669, 219.2674597916669) [75]
(218.9757445416669, 220.1336775416669) [63, 58, 54]
(219.2674597916669, 219.5561990416669) [70]
(219.5561990416669, 219.84493829166692) [66]
(219.84493829166692, 220.1336775416669) [75]
(220.1336775416669, 220.43268145833358) [68]
(220.1336775416669, 221.29031470833357) [60, 56]
(220.43268145833358, 220.71855920833357) [66]
(220.71855920833357, 221.00443695833357) [63]
(221.00443695833357, 221.29031470833357) [68]
(221.29031470833357, 221.58202995833358) [65]
(221.29031470833357, 221.86229895833358) [61, 56]
(221.58202995833358, 221.86229895833358) [73]
(221.86229895833358, 222.1425679583336) [49, 68]
(222.1425679583336, 222.4342832083336) [51, 65]
(222.4342832083336, 222.72309137500028) [53, 61]
(222.72309137500028, 223.01780737500027) [56, 49]
(223.01780737500027, 223.32033941666697) [56, 51]
(223.32033941666697, 223.63222104166698) [56, 53]
(223.63222104166698, 223.91249004166698) [68]
(223.63222104166698, 224.770242791667) [54]
(223.63222104166698, 225.92840729166699) [56]
(223.91249004166698, 224.204205291667) [63]
(224.204205291667, 224.487224041667) [60]
(224.487224041667, 224.770242791667) [68]
(224.770242791667, 225.05326154166698) [60]
(224.770242791667, 225.92840729166699) [51]
(225.05326154166698, 225.344976791667) [68]
(225.344976791667, 225.63669204166698) [66]
(225.63669204166698, 225.92840729166699) [60]
(225.92840729166699, 226.21142604166698) [61]
(225.92840729166699, 226.481696291667) [56, 53]
(226.21142604166698, 226.481696291667) [65]
(226.481696291667, 226.77295854166698) [56, 51, 68]
(226.77295854166698, 227.070695791667) [56, 53, 73]
(227.070695791667, 227.345925041667) [72]
(227.070695791667, 227.63180279166698) [56, 51]
(227.345925041667, 227.63180279166698) [66]
(227.63180279166698, 227.91768054166698) [73]
(227.63180279166698, 228.218583291667) [56, 49]
(227.91768054166698, 228.218583291667) [65]
(228.218583291667, 228.498852291667) [68]
(228.218583291667, 229.348815541667) [54]
(228.218583291667, 230.506980041667) [56]
(228.498852291667, 228.790567541667) [63]
(228.790567541667, 229.065796791667) [60]
(229.065796791667, 229.348815541667) [68]
(229.348815541667, 229.631834291667) [60]
(229.348815541667, 230.506980041667) [51]
(229.631834291667, 229.923549541667) [68]
(229.923549541667, 230.21526479166698) [66]
(230.21526479166698, 230.506980041667) [60]
(230.506980041667, 230.789998791667) [61]
(230.506980041667, 231.060269041667) [56, 53]
(230.789998791667, 231.060269041667) [65]
(231.060269041667, 231.343287791667) [56, 51, 68]
(231.343287791667, 231.644190541667) [56, 49, 77]
(231.644190541667, 231.924459541667) [75]
(231.644190541667, 232.210337291667) [56, 48]
(231.924459541667, 232.210337291667) [66]
(232.210337291667, 232.496215041667) [73]
(232.210337291667, 232.797117791667) [56, 49]
(232.496215041667, 232.797117791667) [65]
(232.797117791667, 233.077386791667) [68]
(232.797117791667, 233.935139541667) [54]
(232.797117791667, 235.079366541667) [56]
(233.077386791667, 233.36910204166702) [63]
(233.36910204166702, 233.65212079166702) [60]
(233.65212079166702, 233.935139541667) [68]
(233.935139541667, 234.218158291667) [60]
(233.935139541667, 235.079366541667) [51]
(234.218158291667, 234.50987354166702) [68]
(234.50987354166702, 234.801588791667) [66]
(234.801588791667, 235.079366541667) [60]
(235.079366541667, 235.64135204166703) [53, 56, 61]
(235.34963679166702, 235.64135204166703) [80]
(235.64135204166703, 235.91912979166705) [61, 68, 54, 51]
(235.91912979166705, 236.22326604166705) [61, 80, 49, 53]
(236.22326604166705, 236.50353504166705) [78]
(236.22326604166705, 236.78941279166705) [60, 51, 54]
(236.50353504166705, 236.78941279166705) [68]
(236.78941279166705, 237.07529054166704) [77]
(236.78941279166705, 237.37619329166705) [61, 53, 56]
(237.07529054166704, 237.37619329166705) [68]
(237.37619329166705, 237.66790854166706) [75]
(237.37619329166705, 238.53412629166706) [63, 58, 54]
(237.66790854166706, 237.95664779166705) [70]
(237.95664779166705, 238.24538704166707) [66]
(238.24538704166707, 238.53412629166706) [75]
(238.53412629166706, 238.83313020833373) [68]
(238.53412629166706, 239.69076345833372) [60, 56]
(238.83313020833373, 239.11900795833373) [66]
(239.11900795833373, 239.40488570833372) [63]
(239.40488570833372, 239.69076345833372) [68]
(239.69076345833372, 239.98247870833373) [65]
(239.69076345833372, 240.26274770833373) [61, 56]
(239.98247870833373, 240.26274770833373) [73]
(240.26274770833373, 240.54301670833374) [68]
(240.26274770833373, 240.83473195833375) [49]
(240.54301670833374, 240.83473195833375) [65]
(240.83473195833375, 241.12354012500043) [61]
(240.9796474166671, 241.12354012500043) [68]
(241.12354012500043, 241.26989445833377) [65]
(241.26989445833377, 241.41825612500043) [68]
(241.41825612500043, 241.5681799166671) [64]
(241.5681799166671, 241.72078816666712) [68]
(241.72078816666712, 241.87560166666714) [65]
(241.87560166666714, 242.03266979166713) [68]
(242.03266979166713, 242.18312116666712) [61]
(242.18312116666712, 242.33357254166714) [68]
(242.33357254166714, 242.48092029166713) [65]
(242.48092029166713, 242.62826804166713) [68]
(242.62826804166713, 242.77561579166715) [73]
(242.62826804166713, 243.82649079166714) [80]
(242.77561579166715, 242.92296354166714) [68]
(242.92296354166714, 243.07031129166714) [65]
(243.07031129166714, 243.21765904166713) [68]
(243.21765904166713, 243.36500679166713) [61]
(243.36500679166713, 243.51235454166715) [70]
(243.51235454166715, 243.66942266666715) [66]
(243.66942266666715, 243.82649079166714) [70]
(243.82649079166714, 243.97383854166713) [73]
(243.82649079166714, 245.00527279166715) [82]
(243.97383854166713, 244.12118629166713) [70]
(244.12118629166713, 244.26853404166715) [66]
(244.26853404166715, 244.41588179166715) [70]
(244.41588179166715, 244.56322954166714) [61]
(244.56322954166714, 244.71057729166714) [68]
(244.71057729166714, 244.85792504166713) [65]
(244.85792504166713, 245.00527279166715) [68]
(245.00527279166715, 245.15262054166715) [73]
(245.00527279166715, 246.18405479166714) [80]
(245.15262054166715, 245.29996829166714) [68]
(245.29996829166714, 245.44731604166714) [65]
(245.44731604166714, 245.59466379166713) [68]
(245.59466379166713, 245.74201154166715) [61]
(245.74201154166715, 245.88935929166715) [68]
(245.88935929166715, 246.03670704166714) [65]
(246.03670704166714, 246.18405479166714) [68]
(246.18405479166714, 246.32699366666714) [54]
(246.18405479166714, 246.75581029166713) [82, 75, 73]
(246.32699366666714, 246.46993254166713) [66]
(246.46993254166713, 246.61287141666713) [63]
(246.61287141666713, 246.75581029166713) [66]
(246.75581029166713, 246.89866741666714) [56]
(246.75581029166713, 247.32723879166713) [80, 75, 73]
(246.89866741666714, 247.04152454166714) [66]
(247.04152454166714, 247.18438166666712) [63]
(247.18438166666712, 247.32723879166713) [66]
(247.32723879166713, 247.47009591666713) [56]
(247.32723879166713, 247.89866729166712) [80, 75, 73]
(247.47009591666713, 247.61295304166714) [66]
(247.61295304166714, 247.75581016666712) [63]
(247.75581016666712, 247.89866729166712) [66]
(247.89866729166712, 248.04289804166712) [56]
(247.89866729166712, 248.47559029166712) [80, 75, 72]
(248.04289804166712, 248.18712879166713) [66]
(248.18712879166713, 248.33135954166713) [63]
(248.33135954166713, 248.47559029166712) [66]
(248.47559029166712, 248.61982104166714) [56]
(248.47559029166712, 249.0525132916671) [80, 75, 72]
(248.61982104166714, 248.76405179166713) [66]
(248.76405179166713, 248.90828254166712) [63]
(248.90828254166712, 249.0525132916671) [66]
(249.0525132916671, 249.20138191666712) [61]
(249.0525132916671, 249.6449460416671) [80, 77, 73]
(249.20138191666712, 249.35025054166712) [63]
(249.35025054166712, 249.49759829166712) [65]
(249.49759829166712, 249.6449460416671) [66]
(249.6449460416671, 249.7908036666671) [68]
(249.7908036666671, 249.93666129166712) [70]
(249.93666129166712, 250.08103091666712) [68]
(250.08103091666712, 250.22492362500046) [66]
(250.22492362500046, 250.36786250000046) [65]
(250.36786250000046, 250.5117552083338) [66]
(250.5117552083338, 250.6576128333338) [68]
(250.6576128333338, 250.80546754166713) [70]
(250.80546754166713, 250.95486375000044) [72]
(250.95486375000044, 251.1063929583338) [73]
(251.1063929583338, 251.2595413333338) [68]
(251.2595413333338, 251.41548137500047) [66]
(251.41548137500047, 251.56593275000046) [65]
(251.56593275000046, 251.71638412500047) [73]
(251.71638412500047, 251.86373187500047) [68]
(251.86373187500047, 252.01107962500046) [73]
(252.01107962500046, 252.15842737500049) [77]
(252.01107962500046, 253.20930237500048) [80, 85]
(252.15842737500049, 252.30577512500048) [73]
(252.30577512500048, 252.45312287500047) [68]
(252.45312287500047, 252.60047062500047) [73]
(252.60047062500047, 252.74781837500046) [66]
(252.74781837500046, 252.8951661250005) [73]
(252.8951661250005, 253.05223425000048) [70]
(253.05223425000048, 253.20930237500048) [73]
(253.20930237500048, 253.35665012500047) [78]
(253.20930237500048, 254.3880843750005) [82, 85]
(253.35665012500047, 253.50399787500047) [73]
(253.50399787500047, 253.6513456250005) [70]
(253.6513456250005, 253.79869337500048) [73]
(253.79869337500048, 253.94604112500048) [65]
(253.94604112500048, 254.09338887500047) [73]
(254.09338887500047, 254.24073662500047) [68]
(254.24073662500047, 254.3880843750005) [73]
(254.3880843750005, 254.53543212500048) [77]
(254.3880843750005, 255.56686637500047) [80, 85]
(254.53543212500048, 254.68277987500048) [73]
(254.68277987500048, 254.83012762500047) [68]
(254.83012762500047, 254.97747537500047) [73]
(254.97747537500047, 255.1248231250005) [65]
(255.1248231250005, 255.27217087500048) [73]
(255.27217087500048, 255.41951862500048) [68]
(255.41951862500048, 255.56686637500047) [73]
(255.56686637500047, 255.71123600000047) [64]
(255.56686637500047, 256.14434487500046) [85, 79, 73]
(255.71123600000047, 255.85560562500046) [70]
(255.85560562500046, 255.99997525000046) [67]
(255.99997525000046, 256.14434487500046) [70]
(256.14434487500046, 256.28585425000045) [63]
(256.14434487500046, 256.71038237500045) [85, 78, 73]
(256.28585425000045, 256.42736362500045) [69]
(256.42736362500045, 256.56887300000045) [66]
(256.56887300000045, 256.71038237500045) [69]
(256.71038237500045, 256.8547520000005) [63]
(256.71038237500045, 257.28786087500043) [85, 78, 73]
(256.8547520000005, 256.99912162500044) [69]
(256.99912162500044, 257.14349125000047) [66]
(257.14349125000047, 257.28786087500043) [69]
(257.28786087500043, 257.43371850000045) [63]
(257.28786087500043, 257.87129137500045) [84, 78, 72]
(257.43371850000045, 257.5795761250004) [68]
(257.5795761250004, 257.72543375000043) [66]
(257.72543375000043, 257.87129137500045) [68]
(257.87129137500045, 258.0171490000004) [63]
(257.87129137500045, 258.4547218750004) [84, 78, 72]
(258.0171490000004, 258.16300662500043) [68]
(258.16300662500043, 258.30886425000045) [66]
(258.30886425000045, 258.4547218750004) [68]
(258.4547218750004, 258.6025868333338) [85]
(258.4547218750004, 259.04767183333377) [68, 65, 61]
(258.6025868333338, 258.7514554583338) [87]
(258.7514554583338, 258.90032408333377) [89]
(258.90032408333377, 259.04767183333377) [84]
(259.04767183333377, 259.19501958333376) [85]
(259.19501958333376, 259.34137391666707) [80]
(259.34137391666707, 259.4872315416671) [82]
(259.4872315416671, 259.6325931666671) [78]
(259.6325931666671, 259.77696279166713) [77]
(259.77696279166713, 259.92282041666715) [80]
(259.92282041666715, 260.0696714583338) [78]
(260.0696714583338, 260.21752616666714) [75]
(260.21752616666714, 260.3663947916671) [73]
(260.3663947916671, 260.5168461666671) [77]
(260.5168461666671, 260.66837537500044) [75]
(260.66837537500044, 260.8215237500005) [72]
(260.8215237500005, 260.9719751250005) [73]
(260.9719751250005, 261.1224265000005) [75]
(261.1224265000005, 261.26977425000047) [73]
(261.26977425000047, 261.41712200000046) [72]
(261.41712200000046, 261.56446975000046) [73]
(261.41712200000046, 262.6153447500005) [65, 68, 61]
(261.56446975000046, 261.71181750000045) [80]
(261.71181750000045, 261.85916525000044) [79]
(261.85916525000044, 262.0065130000005) [80]
(262.0065130000005, 262.1538607500005) [73]
(262.1538607500005, 262.3012085000005) [75]
(262.3012085000005, 262.4582766250005) [73]
(262.4582766250005, 262.6153447500005) [72]
(262.6153447500005, 262.76269250000047) [73]
(262.6153447500005, 263.7941267500005) [66, 70, 61]
(262.76269250000047, 262.91004025000046) [82]
(262.91004025000046, 263.05738800000046) [81]
(263.05738800000046, 263.20473575000045) [82]
(263.20473575000045, 263.35208350000045) [73]
(263.35208350000045, 263.4994312500005) [75]
(263.4994312500005, 263.6467790000005) [73]
(263.6467790000005, 263.7941267500005) [72]
(263.7941267500005, 263.9414745000005) [73]
(263.7941267500005, 264.9729087500005) [65, 68, 61]
(263.9414745000005, 264.0888222500005) [80]
(264.0888222500005, 264.23617000000047) [79]
(264.23617000000047, 264.38351775000046) [80]
(264.38351775000046, 264.53086550000046) [73]
(264.53086550000046, 264.67821325000045) [80]
(264.67821325000045, 264.82556100000045) [79]
(264.82556100000045, 264.9729087500005) [80]
(264.9729087500005, 265.1144181250005) [73]
(264.9729087500005, 265.5389462500005) [66, 63, 54, 61]
(265.1144181250005, 265.2559275000005) [82]
(265.2559275000005, 265.3974368750005) [81]
(265.3974368750005, 265.5389462500005) [82]
(265.5389462500005, 265.6831770000005) [73]
(265.5389462500005, 266.1158692500005) [66, 61, 56, 63]
(265.6831770000005, 265.8274077500005) [80]
(265.8274077500005, 265.9716385000005) [79]
(265.9716385000005, 266.1158692500005) [80]
(266.1158692500005, 266.2601000000005) [73]
(266.1158692500005, 266.6927922500005) [66, 61, 56, 63]
(266.2601000000005, 266.4043307500005) [80]
(266.4043307500005, 266.5485615000005) [79]
(266.5485615000005, 266.6927922500005) [80]
(266.6927922500005, 266.8370230000005) [72]
(266.6927922500005, 267.2697152500005) [66, 60, 56, 63]
(266.8370230000005, 266.9812537500005) [80]
(266.9812537500005, 267.1254845000005) [79]
(267.1254845000005, 267.2697152500005) [80]
(267.2697152500005, 267.41394600000046) [72]
(267.2697152500005, 267.84663825000047) [66, 60, 56, 63]
(267.41394600000046, 267.5581767500005) [80]
(267.5581767500005, 267.7024075000005) [79]
(267.7024075000005, 267.84663825000047) [80]
(267.84663825000047, 267.99396091666716) [80]
(267.84663825000047, 268.4390459166671) [65, 61]
(267.99396091666716, 268.14282954166714) [78]
(268.14282954166714, 268.2916981666671) [77]
(268.2916981666671, 268.4390459166671) [75]
(268.4390459166671, 268.5863936666671) [73]
(268.5863936666671, 268.7327480000004) [75]
(268.7327480000004, 268.87860562500043) [77]
(268.87860562500043, 269.02396725000045) [78]
(269.02396725000045, 269.1683368750005) [80]
(269.1683368750005, 269.3141945000005) [78]
(269.3141945000005, 269.46104554166715) [77]
(269.46104554166715, 269.6089002500005) [78]
(269.6089002500005, 269.75776887500047) [80]
(269.75776887500047, 269.90822025000045) [82]
(269.90822025000045, 270.0597494583338) [84]
(270.0597494583338, 270.21289783333384) [85]
(270.21289783333384, 270.36334920833383) [77]
(270.36334920833383, 270.5138005833338) [78]
(270.5138005833338, 270.6611483333338) [77]
(270.6611483333338, 270.8084960833338) [76]
(270.8084960833338, 270.9558438333338) [77]
(270.8084960833338, 272.0067188333338) [68, 73]
(270.9558438333338, 271.1031915833338) [85]
(271.1031915833338, 271.2505393333338) [84]
(271.2505393333338, 271.39788708333384) [85]
(271.39788708333384, 271.54523483333384) [78]
(271.54523483333384, 271.69258258333383) [80]
(271.69258258333383, 271.84965070833385) [78]
(271.84965070833385, 272.0067188333338) [77]
(272.0067188333338, 272.1540665833338) [78]
(272.0067188333338, 273.18550083333383) [70, 73]
(272.1540665833338, 272.3014143333338) [85]
(272.3014143333338, 272.4487620833338) [84]
(272.4487620833338, 272.5961098333338) [85]
(272.5961098333338, 272.7434575833338) [77]
(272.7434575833338, 272.89080533333384) [78]
(272.89080533333384, 273.03815308333384) [77]
(273.03815308333384, 273.18550083333383) [76]
(273.18550083333383, 273.3328485833338) [77]
(273.18550083333383, 274.36428283333385) [68, 73]
(273.3328485833338, 273.4801963333338) [85]
(273.4801963333338, 273.6275440833338) [84]
(273.6275440833338, 273.7748918333338) [85]
(273.7748918333338, 273.9222395833338) [77]
(273.9222395833338, 274.0695873333338) [85]
(274.0695873333338, 274.2169350833338) [84]
(274.2169350833338, 274.36428283333385) [85]
(274.36428283333385, 274.5072217083339) [76, 79]
(274.36428283333385, 274.93603833333384) [69]
(274.5072217083339, 274.65016058333384) [85]
(274.65016058333384, 274.79309945833387) [84]
(274.79309945833387, 274.93603833333384) [85]
(274.93603833333384, 275.08189595833386) [75, 78]
(274.93603833333384, 275.51946883333386) [68]
(275.08189595833386, 275.2277535833338) [85]
(275.2277535833338, 275.37361120833384) [84]
(275.37361120833384, 275.51946883333386) [85]
(275.51946883333386, 275.6653264583338) [75, 78]
(275.51946883333386, 276.1028993333338) [68]
(275.6653264583338, 275.81118408333384) [85]
(275.81118408333384, 275.95704170833386) [84]
(275.95704170833386, 276.1028993333338) [85]
(276.1028993333338, 276.24875695833384) [75, 78]
(276.1028993333338, 276.68632983333384) [56]
(276.24875695833384, 276.39461458333386) [84]
(276.39461458333386, 276.5404722083338) [83]
(276.5404722083338, 276.68632983333384) [84]
(276.68632983333384, 276.8351984583338) [75, 78]
(276.68632983333384, 277.28180433333387) [56]
(276.8351984583338, 276.98406708333385) [84]
(276.98406708333385, 277.13293570833383) [83]
(277.13293570833383, 277.28180433333387) [84]
(277.28180433333387, 277.43067295833384) [56]
(277.28180433333387, 277.8742370833338) [85, 77, 73]
(277.43067295833384, 277.5795415833338) [58]
(277.5795415833338, 277.7268893333338) [60]
(277.7268893333338, 277.8742370833338) [61]
(277.8742370833338, 278.02009470833383) [60]
(278.02009470833383, 278.1659523333338) [61]
(278.1659523333338, 278.3103219583338) [63]
(278.3103219583338, 278.45421466666716) [65]
(278.45421466666716, 278.5971535416671) [63]
(278.5971535416671, 278.74104625000047) [65]
(278.74104625000047, 278.8869038750005) [66]
(278.8869038750005, 279.0347585833338) [68]
(279.0347585833338, 279.18415479166714) [70]
(279.18415479166714, 279.3356840000004) [72]
(279.3356840000004, 279.48883237500047) [73]
(279.48883237500047, 279.64477241666714) [68]
(279.64477241666714, 279.7952237916671) [66]
(279.7952237916671, 279.9456751666671) [75]
(279.9456751666671, 280.0930229166671) [72]
(280.0930229166671, 280.2403706666671) [75]
(280.2403706666671, 280.3877184166671) [71]
(280.2403706666671, 281.39029966666715) [80]
(280.3877184166671, 280.5350661666671) [75]
(280.5350661666671, 280.6824139166671) [72]
(280.6824139166671, 280.82976166666714) [75]
(280.82976166666714, 280.9698961666671) [78]
(280.9698961666671, 281.1100306666671) [75]
(281.1100306666671, 281.25016516666716) [72]
(281.25016516666716, 281.39029966666715) [75]
(281.39029966666715, 281.53764741666714) [66]
(281.39029966666715, 281.9796906666671) [80]
(281.53764741666714, 281.68499516666714) [75]
(281.68499516666714, 281.83234291666713) [72]
(281.83234291666713, 281.9796906666671) [75]
(281.9796906666671, 282.12262954166715) [65]
(281.9796906666671, 282.5514461666671) [80]
(282.12262954166715, 282.2655684166671) [73]
(282.2655684166671, 282.40850729166715) [68]
(282.40850729166715, 282.5514461666671) [73]
(282.5514461666671, 282.6987939166671) [65]
(282.5514461666671, 283.1408371666671) [80]
(282.6987939166671, 282.8461416666671) [73]
(282.8461416666671, 282.9934894166671) [68]
(282.9934894166671, 283.1408371666671) [73]
(283.1408371666671, 283.2837760416671) [63]
(283.1408371666671, 283.7125926666671) [80]
(283.2837760416671, 283.4267149166671) [72]
(283.4267149166671, 283.5696537916671) [66]
(283.5696537916671, 283.7125926666671) [72]
(283.7125926666671, 283.8599404166671) [61]
(283.7125926666671, 284.30198366666707) [80]
(283.8599404166671, 284.0072881666671) [73]
(284.0072881666671, 284.1546359166671) [65]
(284.1546359166671, 284.30198366666707) [73]
(284.30198366666707, 284.4407440416671) [66]
(284.4407440416671, 284.5795044166671) [75]
(284.5795044166671, 284.7268521666671) [72]
(284.7268521666671, 284.87419991666707) [75]
(284.87419991666707, 285.02154766666706) [71]
(284.87419991666707, 286.0241289166671) [80]
(285.02154766666706, 285.16889541666706) [75]
(285.16889541666706, 285.31624316666705) [72]
(285.31624316666705, 285.4635909166671) [75]
(285.4635909166671, 285.6037254166671) [78]
(285.6037254166671, 285.7438599166671) [75]
(285.7438599166671, 285.8839944166671) [72]
(285.8839944166671, 286.0241289166671) [75]
(286.0241289166671, 286.1714766666671) [66]
(286.0241289166671, 286.6135199166671) [80]
(286.1714766666671, 286.3188244166671) [75]
(286.3188244166671, 286.4661721666671) [72]
(286.4661721666671, 286.6135199166671) [75]
(286.6135199166671, 286.7564587916671) [65]
(286.6135199166671, 287.1852754166671) [80]
(286.7564587916671, 286.8993976666671) [77]
(286.8993976666671, 287.0423365416671) [73]
(287.0423365416671, 287.1852754166671) [77]
(287.1852754166671, 287.3326231666671) [68]
(287.1852754166671, 287.77466641666706) [80]
(287.3326231666671, 287.47997091666707) [77]
(287.47997091666707, 287.62731866666707) [73]
(287.62731866666707, 287.77466641666706) [77]
(287.77466641666706, 287.9176052916671) [66]
(287.77466641666706, 288.34642191666705) [80]
(287.9176052916671, 288.06054416666706) [75]
(288.06054416666706, 288.2034830416671) [72]
(288.2034830416671, 288.34642191666705) [75]
(288.34642191666705, 288.49376966666705) [65]
(288.34642191666705, 288.93581291666703) [80]
(288.49376966666705, 288.64111741666704) [73]
(288.64111741666704, 288.78846516666704) [68]
(288.78846516666704, 288.93581291666703) [73]
(288.93581291666703, 289.08018254166706) [72]
(289.08018254166706, 289.224552166667) [78]
(289.224552166667, 289.36892179166705) [75]
(289.36892179166705, 289.513291416667) [78]
(289.513291416667, 289.65766104166704) [80]
(289.513291416667, 290.09076991666706) [84]
(289.65766104166704, 289.802030666667) [78]
(289.802030666667, 289.94640029166703) [75]
(289.94640029166703, 290.09076991666706) [78]
(290.09076991666706, 290.23090441666704) [80]
(290.09076991666706, 290.65130791666707) [83]
(290.23090441666704, 290.37103891666703) [78]
(290.37103891666703, 290.5111734166671) [75]
(290.5111734166671, 290.65130791666707) [78]
(290.65130791666707, 290.7969390416671) [80]
(290.65130791666707, 291.23383241666704) [84]
(290.7969390416671, 290.94257016666705) [78]
(290.94257016666705, 291.0882012916671) [75]
(291.0882012916671, 291.23383241666704) [78]
(291.23383241666704, 291.37259279166705) [77]
(291.23383241666704, 291.79981466666703) [85]
(291.37259279166705, 291.51135316666705) [80]
(291.51135316666705, 291.65558391666707) [77]
(291.65558391666707, 291.79981466666703) [80]
(291.79981466666703, 291.94404541666705) [85]
(291.79981466666703, 292.37673766666705) [89]
(291.94404541666705, 292.0882761666671) [80]
(292.0882761666671, 292.23250691666703) [85]
(292.23250691666703, 292.37673766666705) [80]
(292.37673766666705, 292.51687216666704) [84]
(292.37673766666705, 292.93727566666706) [87]
(292.51687216666704, 292.65700666666703) [78]
(292.65700666666703, 292.7971411666671) [84]
(292.7971411666671, 292.93727566666706) [78]
(292.93727566666706, 293.08462341666706) [77]
(292.93727566666706, 293.52666666666704) [85]
(293.08462341666706, 293.23197116666705) [80]
(293.23197116666705, 293.37931891666705) [77]
(293.37931891666705, 293.52666666666704) [80]
(293.52666666666704, 293.67401441666703) [82]
(293.52666666666704, 294.70544866666705) [90]
(293.67401441666703, 293.8213621666671) [78]
(293.8213621666671, 293.9687099166671) [82]
(293.9687099166671, 294.1160576666671) [80]
(294.1160576666671, 294.26340541666707) [78]
(294.26340541666707, 294.41075316666706) [77]
(294.41075316666706, 294.55810091666706) [75]
(294.55810091666706, 294.70544866666705) [73]
(294.70544866666705, 294.85279641666705) [72]
(294.70544866666705, 295.88423066666707) [80, 78, 75]
(294.85279641666705, 295.00014416666704) [70]
(295.00014416666704, 295.14749191666704) [68]
(295.14749191666704, 295.2948396666671) [66]
(295.2948396666671, 295.4421874166671) [65]
(295.4421874166671, 295.5895351666671) [63]
(295.5895351666671, 295.73688291666707) [61]
(295.73688291666707, 295.88423066666707) [60]
(295.88423066666707, 296.03309929166704) [80, 77]
(295.88423066666707, 296.47666341666707) [61]
(296.03309929166704, 296.1819679166671) [82]
(296.1819679166671, 296.32931566666707) [80]
(296.32931566666707, 296.47666341666707) [78]
(296.47666341666707, 296.6225210416671) [77]
(296.6225210416671, 296.76837866666705) [78]
(296.76837866666705, 296.91274829166707) [80]
(296.91274829166707, 297.0566410000004) [82]
(297.0566410000004, 297.1995798750004) [84]
(297.1995798750004, 297.3434725833337) [85]
(297.3434725833337, 297.48933020833374) [80]
(297.48933020833374, 297.6371849166671) [78]
(297.6371849166671, 297.7865811250004) [77]
(297.7865811250004, 297.93811033333367) [80]
(297.93811033333367, 298.0912587083337) [77]
(298.0912587083337, 298.2471987500004) [73]
(298.2471987500004, 298.3976501250004) [72]
(298.3976501250004, 298.54810150000037) [80]
(298.54810150000037, 298.68961087500037) [82]
(298.68961087500037, 298.83112025000037) [80]
(298.83112025000037, 298.97397737500035) [84]
(298.83112025000037, 299.9910102500004) [54]
(298.97397737500035, 299.1168345000004) [80]
(299.1168345000004, 299.25969162500036) [82]
(299.25969162500036, 299.4025487500004) [80]
(299.4025487500004, 299.55254875000037) [87]
(299.55254875000037, 299.7025487500004) [80]
(299.7025487500004, 299.8467795000004) [82]
(299.8467795000004, 299.9910102500004) [80]
(299.9910102500004, 300.1352410000004) [84]
(299.9910102500004, 301.1339165000004) [75, 68, 66]
(300.1352410000004, 300.2794717500004) [80]
(300.2794717500004, 300.4237025000004) [82]
(300.4237025000004, 300.5679332500004) [80]
(300.5679332500004, 300.7107903750004) [85]
(300.7107903750004, 300.8536475000004) [80]
(300.8536475000004, 300.9937820000004) [82]
(300.9937820000004, 301.1339165000004) [80]
(301.1339165000004, 301.2754258750004) [85]
(301.1339165000004, 301.4169352500004) [73, 68, 65]
(301.2754258750004, 301.4169352500004) [80]
(301.4169352500004, 301.5584446250004) [82]
(301.5584446250004, 301.6999540000004) [80]
(301.6999540000004, 301.8400885000004) [78]
(301.6999540000004, 301.98022300000036) [72, 68, 63]
(301.8400885000004, 301.98022300000036) [80]
(301.98022300000036, 302.1203575000004) [82]
(302.1203575000004, 302.2604920000004) [80]
(302.2604920000004, 302.4078397500004) [77]
(302.2604920000004, 302.5551875000004) [73, 68, 61]
(302.4078397500004, 302.5551875000004) [80]
(302.5551875000004, 302.7025352500004) [82]
(302.7025352500004, 302.8498830000004) [80]
(302.8498830000004, 303.00033437500036) [72]
(303.00033437500036, 303.15078575000035) [80]
(303.15078575000035, 303.29229512500035) [82]
(303.29229512500035, 303.43380450000035) [80]
(303.43380450000035, 303.57803525000037) [84]
(303.43380450000035, 304.5905595000004) [54]
(303.57803525000037, 303.72226600000033) [80]
(303.72226600000033, 303.86649675000035) [82]
(303.86649675000035, 304.01072750000037) [80]
(304.01072750000037, 304.1577863750004) [87]
(304.1577863750004, 304.30484525000037) [80]
(304.30484525000037, 304.44770237500035) [82]
(304.44770237500035, 304.5905595000004) [80]
(304.5905595000004, 304.73341662500036) [82]
(304.5905595000004, 305.72797125000034) [78, 75, 72]
(304.73341662500036, 304.8762737500004) [80]
(304.8762737500004, 305.01913087500037) [82]
(305.01913087500037, 305.16198800000035) [80]
(305.16198800000035, 305.3048451250004) [82]
(305.3048451250004, 305.44770225000036) [80]
(305.44770225000036, 305.58783675000035) [82]
(305.58783675000035, 305.72797125000034) [80]
(305.72797125000034, 305.8681581250003) [85]
(305.72797125000034, 306.00834500000036) [77, 73, 68]
(305.8681581250003, 306.00834500000036) [80]
(306.00834500000036, 306.14853187500034) [82]
(306.14853187500034, 306.2887187500003) [80]
(306.2887187500003, 306.4288532500003) [87]
(306.2887187500003, 306.5689877500003) [75, 72, 66]
(306.4288532500003, 306.5689877500003) [80]
(306.5689877500003, 306.70912225000035) [82]
(306.70912225000035, 306.84925675000034) [80]
(306.84925675000034, 306.99660450000033) [89]
(306.84925675000034, 307.1439522500003) [73, 68, 65]
(306.99660450000033, 307.1439522500003) [80]
(307.1439522500003, 307.2913000000003) [82]
(307.2913000000003, 307.4386477500003) [80]
(307.4386477500003, 307.5890991250003) [87]
(307.5890991250003, 307.7395505000003) [84]
(307.7395505000003, 307.8810598750003) [85]
(307.8810598750003, 308.0225692500003) [84]
(308.0225692500003, 308.1699170000003) [87]
(308.0225692500003, 309.2110525000002) [75, 72, 66]
(308.1699170000003, 308.3172647500003) [84]
(308.3172647500003, 308.46461250000027) [85]
(308.46461250000027, 308.61196025000027) [84]
(308.61196025000027, 308.76564875000025) [92]
(308.76564875000025, 308.91933725000024) [84]
(308.91933725000024, 309.06519487500026) [85]
(309.06519487500026, 309.2110525000002) [84]
(309.2110525000002, 309.3584002500002) [92]
(309.2110525000002, 310.38808950000015) [80, 78, 75]
(309.3584002500002, 309.5057480000002) [84]
(309.5057480000002, 309.6530957500002) [85]
(309.6530957500002, 309.8004435000002) [84]
(309.8004435000002, 309.9541320000002) [92]
(309.9541320000002, 310.1078205000002) [84]
(310.1078205000002, 310.24795500000016) [85]
(310.24795500000016, 310.38808950000015) [84]
(310.38808950000015, 310.53543725000014) [92]
(310.38808950000015, 310.68278500000014) [80, 77, 73]
(310.53543725000014, 310.68278500000014) [85]
(310.68278500000014, 310.83013275000013) [87]
(310.83013275000013, 310.9774805000001) [85]
(310.9774805000001, 311.12041937500015) [92]
(310.9774805000001, 311.2633582500001) [78, 72, 66, 75]
(311.12041937500015, 311.2633582500001) [87]
(311.2633582500001, 311.40629712500015) [89]
(311.40629712500015, 311.5492360000001) [87]
(311.5492360000001, 311.6975976666668) [92]
(311.5492360000001, 311.8469938750001) [77, 68, 65, 73]
(311.6975976666668, 311.8469938750001) [89]
(311.8469938750001, 311.9974452500001) [90]
(311.9974452500001, 312.14951337500014) [89]
(312.14951337500014, 312.29537100000016) [94]
(312.29537100000016, 312.46970850000014) [90]
(312.46970850000014, 312.6233970000001) [94]
(312.6233970000001, 312.7722656250001) [92]
(312.7722656250001, 312.9259541250001) [90]
(312.7722656250001, 313.0796426250001) [73, 63, 66, 70]
(312.9259541250001, 313.0796426250001) [89]
(313.0796426250001, 313.2333311250001) [87]
(313.2333311250001, 313.3870196250001) [85]
(313.3870196250001, 313.5407081250001) [84]
(313.5407081250001, 313.6943966250001) [82]
(313.6943966250001, 313.8480851250001) [80]
(313.8480851250001, 314.0017736250001) [78]
(314.0017736250001, 314.1554621250001) [77]
(314.0017736250001, 314.3091506250001) [66, 56, 60, 63]
(314.1554621250001, 314.3091506250001) [75]
(314.3091506250001, 314.46283912500013) [73]
(314.46283912500013, 314.6165276250001) [72]
(314.6165276250001, 314.77359575000014) [73]
(314.77359575000014, 314.9306638750001) [70]
(314.9306638750001, 315.08773200000013) [68]
(315.08773200000013, 315.2448001250001) [66]
(315.2448001250001, 315.4036311250001) [65]
(315.4036311250001, 315.5624621250001) [63]
(315.5624621250001, 315.7212931250001) [61]
(315.7212931250001, 315.88131645833346) [60]
(315.88131645833346, 316.0419293333335) [58]
(316.0419293333335, 316.2081554166668) [56]
(316.2081554166668, 316.3824967500001) [54]
(316.3824967500001, 316.5634573750001) [53]
(316.5634573750001, 316.7567160416668) [51]
(316.7567160416668, 316.9609087916668) [49]
(316.9609087916668, 317.1807856666668) [44]
(317.1807856666668, 317.4505697916668) [41]
(317.4505697916668, 318.9357187916668) [37, 49, 53, 56]
(318.9357187916668, 320.54602479166675) [30, 49, 54, 58]
(320.54602479166675, 322.54070529166677) [37, 49, 53, 56]
(322.54070529166677, 323.2295687916668) [54, 61, 63, 70]
(323.2295687916668, 324.6493507916668) [68, 61, 63]
(323.2295687916668, 324.9779377916668) [56]
(324.6493507916668, 325.9636987916668) [68, 63, 60]
(324.9779377916668, 325.3065247916668) [54]
(325.3065247916668, 325.6351117916668) [53]
(325.6351117916668, 325.9636987916668) [51]
(325.9636987916668, 326.2885147916668) [49]
(325.9636987916668, 326.6133307916668) [68, 65, 61]
(326.2885147916668, 326.6133307916668) [46]
(326.6133307916668, 326.9381467916668) [44]
(326.9381467916668, 327.2629627916668) [42]
(327.2629627916668, 327.5980216666668) [41]
(327.5980216666668, 327.9446087083334) [44]
(327.9446087083334, 328.3042586666668) [42]
(328.3042586666668, 328.69691529166676) [39]
(328.69691529166676, 330.20180629166674) [49, 61, 53, 56, 37]
(330.20180629166674, 331.88342029166677) [42, 61, 54, 58, 30]
(331.88342029166677, 333.9710382916668) [49, 61, 53, 56, 37]
(333.9710382916668, 334.68092929166676) [57, 64, 67, 73]
(334.68092929166676, 336.10071129166676) [73, 63, 66]
(334.68092929166676, 336.44514304166677) [56]
(336.10071129166676, 337.47843829166675) [72, 66, 63]
(336.44514304166677, 336.7895747916668) [54]
(336.7895747916668, 337.13400654166674) [51]
(337.13400654166674, 337.47843829166675) [48]
(337.47843829166675, 337.82711329166676) [44]
(337.47843829166675, 338.1757882916667) [73, 65, 61]
(337.82711329166676, 338.1757882916667) [41]
(338.1757882916667, 338.52446329166673) [39]
(338.52446329166673, 338.8724310833334) [37]
(338.8724310833334, 339.2155080833334) [36]
(339.2155080833334, 339.57444916666674) [37]
(339.57444916666674, 339.9574358333334) [41]
(339.9574358333334, 340.3660090000001) [37]
(340.3660090000001, 341.87090000000006) [44, 56, 48, 51, 42]
(341.87090000000006, 343.14412725000005) [44, 56, 48, 54, 39]
(343.14412725000005, 343.34541550000006) [44, 56, 48, 51, 42]
(343.34541550000006, 344.50461175000004) [44, 56, 49, 53, 41]
(344.50461175000004, 344.87589900000006) [61, 65, 68, 73]
(344.87589900000006, 345.6589845000001) [63, 68, 66, 72]
(345.6589845000001, 346.4015590000001) [61, 65, 68, 73]
(346.4015590000001, 347.9263370000001) [44, 56, 48, 51, 42]
(347.9263370000001, 349.22733225000013) [44, 56, 48, 54, 39]
(349.22733225000013, 349.42862050000014) [44, 56, 48, 51, 42]
(349.42862050000014, 350.57377150000013) [44, 56, 49, 53, 41]
(350.57377150000013, 350.93565325000014) [61, 65, 68, 77]
(350.93565325000014, 351.27197600000017) [77]
(350.93565325000014, 351.62928900000014) [60, 66, 68]
(351.27197600000017, 351.62928900000014) [75]
(351.62928900000014, 352.3916780000001) [61, 65, 68, 73]
(352.3916780000001, 353.8579540000001) [44, 56, 48, 51, 42]
(353.8579540000001, 355.23387050000014) [44, 56, 48, 54, 39]
(355.23387050000014, 355.43515875000014) [44, 56, 48, 51, 42]
(355.43515875000014, 356.53486575000017) [65, 68, 73, 80]
(356.53486575000017, 356.8878070000002) [65, 80, 73, 77, 61]
(356.8878070000002, 357.2281745000002) [80]
(356.8878070000002, 357.5685420000002) [66, 75, 72, 63]
(357.2281745000002, 357.5685420000002) [78]
(357.5685420000002, 357.9112425000002) [68, 65]
(357.5685420000002, 358.2874652500002) [73, 77]
(357.9112425000002, 358.2874652500002) [65, 61]
(358.2874652500002, 359.7726142500002) [58, 75, 66, 70, 54]
(359.7726142500002, 361.36033625000016) [56, 63, 68, 60]
(361.36033625000016, 365.12726625000016) [46]
(361.55093350000016, 365.12726625000016) [49]
(361.74153075000015, 365.12726625000016) [52]
(361.93212800000015, 365.12726625000016) [55]
(362.12272525000014, 365.12726625000016) [58]
(362.31332250000014, 365.12726625000016) [61]
(362.50391975000014, 365.12726625000016) [64]
(362.69451700000013, 365.12726625000016) [67]
(362.8851142500002, 365.12726625000016) [73]
(365.12726625000016, 369.88355275000015) [58]
(365.2443988750002, 369.88355275000015) [61]
(365.3615315000002, 369.88355275000015) [64]
(365.47866412500014, 369.88355275000015) [67]
(365.59579675000015, 369.88355275000015) [70, 85, 76, 79, 73]
