(0.571428, 0.8571420000000001) [65, 73, 68]
(0.8577382604166668, 1.4301540041666667) [63, 72, 68]
(1.4295520000000002, 1.718514) [67, 70, 61]
(1.718514, 1.7726943750000002) [60, 75, 68]
(2.296438, 2.348744125) [58, 65, 73, 49]
(2.5754040000000002, 2.6283253125000003) [51, 68, 72, 63]
(3.137842, 3.191798875) [61, 67, 70, 51]
(3.425612, 3.479568875) [60, 56, 68]
(4.001152, 4.287357) [70, 78, 73]
(4.287357, 4.859767) [68, 77, 73]
(4.859767, 5.1487289999999994) [66, 75, 72]
(5.1487289999999994, 5.202909375) [65, 80, 73]
(5.726653, 5.779081) [63, 70, 78, 54]
(6.006269, 6.059315) [68, 73, 77, 56]
(6.570027, 6.6239838749999995) [66, 72, 75, 56]
(6.857797, 6.911753875) [65, 61, 73]
(7.433337, 7.714104) [56, 53]
(7.433337, 7.998195) [73, 61]
(7.714104, 8.282367) [56, 51]
(7.998195, 8.282367) [72, 60]
(8.282367, 8.569944000000001) [49, 55, 58]
(8.282367, 8.853632000000001) [70]
(8.569944000000001, 8.853632000000001) [60, 63, 48]
(8.853632000000001, 8.924554) [75]
(9.13732, 9.279077000000001) [58, 49]
(9.13732, 9.420834000000001) [65]
(9.13732, 9.704348000000001) [73]
(9.420834000000001, 9.562591000000001) [63, 51]
(9.420834000000001, 9.704348000000001) [68]
(9.704348000000001, 9.987862) [72]
(9.987862, 10.129278) [61, 51]
(9.987862, 10.270694) [67]
(9.987862, 10.553526) [70]
(10.270694, 10.41211) [60, 56]
(10.553526, 10.694942) [68]
(10.836358, 11.123935000000001) [61, 58]
(10.836358, 11.411512) [78, 66]
(11.123935000000001, 11.699089) [61, 56]
(11.411512, 11.699089) [77, 65]
(11.699089, 11.988051) [60, 54, 63]
(11.699089, 12.270404000000001) [75]
(11.988051, 12.270404000000001) [65, 68, 53]
(12.270404000000001, 12.340992250000001) [80]
(12.552757, 12.694514) [63, 54]
(12.552757, 12.836271) [70]
(12.552757, 13.119785) [78]
(12.836271, 12.978028) [68, 56]
(12.836271, 13.119785) [73]
(13.119785, 13.403299) [77]
(13.403299, 13.545722000000001) [66, 56]
(13.403299, 13.688145) [72]
(13.403299, 13.972991) [75]
(13.688145, 13.830568000000001) [65, 61]
(13.972991, 14.115414000000001) [73]
(14.257837, 14.544042000000001) [61, 65, 73]
(14.544042000000001, 15.116452) [58, 65, 73]
(15.116452, 15.402657) [56, 73, 65]
(15.402657, 15.688862) [55, 73]
(15.402657, 15.975067) [63]
(15.688862, 15.8319645) [56, 72]
(15.975067, 16.266116999999998) [56, 71, 63]
(16.266116999999998, 16.848216999999998) [56, 71, 63]
(16.848216999999998, 17.139267) [54, 71, 63]
(17.139267, 17.430317) [53, 71]
(17.139267, 17.721367) [63]
(17.430317, 17.575841999999998) [54, 70]
(17.721367, 18.009771866666664) [54, 70, 61]
(18.009771866666664, 18.619499599999997) [56, 66, 72, 51]
(18.619499599999997, 18.9468064) [56, 65, 73, 49]
(18.9468064, 19.6146604) [75, 66]
(18.9468064, 19.947792033333336) [48, 56]
(19.6146604, 20.233997033333335) [63, 66]
(19.947792033333336, 20.520202033333334) [56, 49]
(20.233997033333335, 20.520202033333334) [65, 61]
(20.520202033333334, 20.680048533333334) [54, 70]
(20.520202033333334, 20.839895033333335) [42, 58]
(20.680048533333334, 20.839895033333335) [51, 66]
(20.839895033333335, 21.159588033333335) [65, 61]
(20.839895033333335, 21.337418533333334) [56, 42]
(21.159588033333335, 21.337418533333334) [63, 60]
(21.515249033333337, 21.802611633333335) [56, 61, 73, 53]
(21.802611633333335, 22.375021633333336) [56, 60, 72, 51]
(22.375021633333336, 22.663983633333338) [55, 70, 58, 49]
(22.663983633333338, 22.718164008333336) [60, 63, 75, 48]
(23.241907633333337, 23.380105633333336) [58, 49]
(23.241907633333337, 23.518303633333336) [65]
(23.241907633333337, 23.799228633333335) [73]
(23.518303633333336, 23.658766133333337) [63, 51]
(23.518303633333336, 23.799228633333335) [68]
(23.799228633333335, 24.078116633333334) [72]
(24.078116633333334, 24.219213633333332) [61, 51]
(24.078116633333334, 24.360310633333334) [67]
(24.078116633333334, 24.642504633333335) [70]
(24.360310633333334, 24.501407633333333) [60, 56]
(24.642504633333335, 24.783601633333333) [68]
(24.924698633333335, 25.211587633333334) [61, 66, 78, 58]
(25.211587633333334, 25.785365633333335) [61, 65, 77, 56]
(25.785365633333335, 26.073633633333333) [60, 63, 75, 54]
(26.073633633333333, 26.127683883333336) [61, 68, 80, 53]
(26.650169633333334, 26.927203633333335) [61, 58]
(26.650169633333334, 27.211455633333333) [78, 66]
(26.927203633333335, 27.490915633333334) [61, 56]
(27.211455633333333, 27.490915633333334) [77, 65]
(27.490915633333334, 27.635049633333335) [75, 63]
(27.490915633333334, 27.779183633333332) [54, 60]
(27.779183633333332, 27.833233883333335) [61, 68, 80, 53]
(28.355719633333333, 28.642530349999998) [61, 58]
(28.355719633333333, 28.935766750000003) [78, 66]
(28.642530349999998, 29.24870261666667) [61, 56]
(28.935766750000003, 29.24870261666667) [77, 65]
(29.24870261666667, 29.591471300000006) [61, 55, 64]
(29.24870261666667, 29.94695763333334) [70, 82]
(29.591471300000006, 29.94695763333334) [65, 56, 61]
(29.94695763333334, 30.302618633333342) [80, 68]
(30.65827963333334, 31.36960163333334) [60]
(30.65827963333334, 31.753675633333337) [54, 32, 44]
(31.36960163333334, 31.561638633333338) [63]
(31.561638633333338, 31.753675633333337) [61]
(31.753675633333337, 32.04151178333334) [44, 53, 61, 37]
(32.38300278333334, 32.67474678333334) [61, 65, 73]
(32.67474678333334, 33.258234783333336) [58, 65, 73]
(33.258234783333336, 33.547196783333334) [56, 73, 65]
(33.547196783333334, 33.83615878333334) [55, 73]
(33.547196783333334, 34.12512078333334) [63]
(33.83615878333334, 33.98063978333334) [56, 72]
(34.12512078333334, 34.41974378333334) [56, 71, 63]
(34.41974378333334, 35.008989783333334) [56, 71, 63]
(35.008989783333334, 35.303612783333335) [54, 71, 63]
(35.303612783333335, 35.59823578333334) [53, 71]
(35.303612783333335, 35.89285878333334) [63]
(35.59823578333334, 35.74554728333334) [54, 70]
(35.89285878333334, 36.18132320000001) [54, 70, 61]
(36.18132320000001, 36.79105093333333) [56, 66, 72, 51]
(36.79105093333333, 37.11835773333333) [56, 65, 73, 49]
(37.11835773333333, 37.78621173333333) [75, 66]
(37.11835773333333, 38.11934336666667) [48, 56]
(37.78621173333333, 38.40554836666667) [63, 66]
(38.11934336666667, 38.69175336666667) [56, 49]
(38.40554836666667, 38.69175336666667) [65, 61]
(38.69175336666667, 38.85203536666667) [54, 70]
(38.69175336666667, 39.012317366666664) [42, 58]
(38.85203536666667, 39.012317366666664) [51, 66]
(39.012317366666664, 39.33288136666667) [65, 61]
(39.012317366666664, 39.50030136666667) [56, 42]
(39.33288136666667, 39.50030136666667) [63, 60]
(39.66772136666667, 39.954736950000004) [56, 61, 73, 53]
(39.954736950000004, 40.52714695) [56, 60, 72, 51]
(40.52714695, 40.81610895) [55, 70, 58, 49]
(40.81610895, 40.86942645) [60, 63, 75, 48]
(41.38482895, 41.52366645) [58, 49]
(41.38482895, 41.66250395) [65]
(41.38482895, 41.945415950000005) [73]
(41.66250395, 41.80395995) [63, 51]
(41.66250395, 41.945415950000005) [68]
(41.945415950000005, 42.22832795) [72]
(42.22832795, 42.36773295) [61, 51]
(42.22832795, 42.50713795) [67]
(42.22832795, 42.78922495) [70]
(42.50713795, 42.64818145) [60, 56]
(42.78922495, 42.93026845) [68]
(43.07131195, 43.358200950000004) [61, 66, 78, 58]
(43.358200950000004, 43.93197895) [61, 65, 77, 56]
(43.93197895, 44.214997950000004) [60, 63, 75, 54]
(44.214997950000004, 44.2680640125) [61, 68, 80, 53]
(44.78103595, 45.06000195) [61, 58]
(44.78103595, 45.34560695) [78, 66]
(45.06000195, 45.62835895) [61, 56]
(45.34560695, 45.62835895) [77, 65]
(45.62835895, 45.77249295) [75, 63]
(45.62835895, 45.91662695) [54, 60]
(45.91662695, 45.9706772) [61, 68, 80, 53]
(46.49316295, 46.781500666666666) [61, 58]
(46.49316295, 47.07473706666666) [78, 66]
(46.781500666666666, 47.387672933333334) [61, 56]
(47.07473706666666, 47.387672933333334) [77, 65]
(47.387672933333334, 47.73044161666667) [61, 55, 64]
(47.387672933333334, 48.08592795) [70, 82]
(47.73044161666667, 48.08592795) [65, 56, 61]
(48.08592795, 48.441588949999996) [80, 68]
(48.79724995, 49.52802195) [60]
(48.79724995, 49.94255795) [54, 32, 44]
(49.52802195, 49.73528995) [63]
(49.73528995, 49.94255795) [61]
(49.94255795, 50.296122950000004) [44, 53, 61, 37]
(50.64968795, 51.52076795) [65, 53]
(50.94004795, 51.81112795) [37]
(50.94004795, 54.37967294999999) [44]
(51.52076795, 52.39184795) [66, 54]
(51.81112795, 52.67138595) [39]
(52.39184795, 52.950923949999996) [75, 63]
(52.67138595, 53.50999995) [42]
(52.950923949999996, 53.23046195) [72, 60]
(53.23046195, 53.30034645) [68, 56]
(53.50999995, 53.789537949999996) [73, 61]
(53.50999995, 54.37967294999999) [41]
(53.789537949999996, 53.939425449999995) [77, 65]
(54.08931294999999, 54.96039294999999) [53, 65]
(54.37967294999999, 55.25075294999999) [37]
(54.37967294999999, 56.66627394999999) [44]
(54.96039294999999, 55.83147294999999) [66, 54]
(55.25075294999999, 56.10973994999999) [39]
(55.83147294999999, 56.38800694999999) [78, 66]
(56.10973994999999, 56.94454094999999) [32]
(56.38800694999999, 56.52714044999999) [82, 70]
(56.66627394999999, 56.73584069999999) [72, 60]
(56.66627394999999, 57.52182094999999) [44]
(56.94454094999999, 57.22280794999999) [75, 63]
(56.94454094999999, 57.52182094999999) [37]
(57.22280794999999, 57.52182094999999) [73, 61]
(57.52182094999999, 58.39075594999999) [65, 53]
(57.81146594999999, 58.68040094999999) [37]
(57.81146594999999, 61.240394949999995) [44]
(58.39075594999999, 59.25969094999999) [66, 54]
(58.68040094999999, 59.539228949999995) [39]
(59.25969094999999, 59.81876694999999) [75, 63]
(59.539228949999995, 60.377842949999994) [42]
(59.81876694999999, 60.09830494999999) [72, 60]
(60.09830494999999, 60.16818944999999) [68, 56]
(60.377842949999994, 60.65738094999999) [73, 61]
(60.377842949999994, 61.240394949999995) [41]
(60.65738094999999, 60.80578544999999) [77, 65]
(60.95418994999999, 61.81280494999999) [53, 65]
(61.240394949999995, 62.099009949999996) [37]
(61.240394949999995, 63.540354949999994) [44]
(61.81280494999999, 62.67141994999999) [66, 54]
(62.099009949999996, 62.961064949999994) [39]
(62.67141994999999, 63.250709949999994) [78, 66]
(62.961064949999994, 63.829999949999994) [32]
(63.250709949999994, 63.39553244999999) [82, 70]
(63.540354949999994, 63.612766199999996) [72, 60]
(63.540354949999994, 64.42473994999999) [44]
(63.829999949999994, 64.11964495) [75, 63]
(63.829999949999994, 64.42473994999999) [37]
(64.11964495, 64.42473994999999) [73, 61]
(64.42473994999999, 65.29367494999998) [77, 65]
(64.71438494999998, 65.58331994999999) [50, 56]
(65.29367494999998, 66.16260994999999) [58, 70]
(65.58331994999999, 66.45225494999998) [49, 55]
(66.16260994999999, 67.03154494999998) [63, 75]
(66.45225494999998, 67.32118994999999) [48, 54]
(67.03154494999998, 67.90047994999999) [56, 68]
(67.32118994999999, 68.19012494999998) [47, 53]
(67.90047994999999, 68.76941494999998) [61, 73]
(68.19012494999998, 69.05905994999999) [46]
(68.19012494999998, 71.63103695) [49]
(68.76941494999998, 69.63834994999999) [66, 54]
(69.05905994999999, 69.92253494999999) [44]
(69.63834994999999, 70.20671995) [65, 53]
(69.92253494999999, 70.20671995) [37]
(70.20671995, 70.49090494999999) [41, 68, 56]
(70.49090494999999, 70.77508995) [44]
(70.49090494999999, 71.05927494999999) [71, 59]
(70.77508995, 71.63103695) [42]
(71.05927494999999, 71.20136744999999) [70, 58]
(71.34345995, 72.20619094999999) [61, 73]
(71.63103695, 72.49376794999999) [46]
(71.63103695, 75.08196095) [49]
(72.20619094999999, 73.06892194999999) [66, 54]
(72.49376794999999, 73.35649895) [44]
(73.06892194999999, 73.93165295) [65, 53]
(73.35649895, 74.21922995) [43]
(73.93165295, 74.79438395) [64, 52]
(74.21922995, 75.08196095) [44]
(74.79438395, 75.65711495) [53, 65]
(75.08196095, 75.94469194999999) [46]
(75.08196095, 76.80742294999999) [49]
(75.65711495, 76.51984594999999) [66, 54]
(75.94469194999999, 77.41301595) [44]
(76.51984594999999, 77.09499995) [65, 53]
(76.80742294999999, 77.41301595) [32]
(77.09499995, 77.25400795) [66, 54]
(77.41301595, 77.49251995) [44, 60, 48]
(77.73103195, 77.80327245000001) [37, 61, 49]
(78.30895595, 79.17584195) [77, 65]
(78.59791795, 79.46480395) [50, 56]
(79.17584195, 80.04272795) [58, 70]
(79.46480395, 80.33168995) [49, 55]
(80.04272795, 80.90961395000001) [63, 75]
(80.33168995, 81.19857595) [48, 54]
(80.90961395000001, 81.77000395) [56, 68]
(81.19857595, 82.05571795) [47, 53]
(81.77000395, 82.62714595) [61, 73]
(82.05571795, 82.91285995000001) [46]
(82.05571795, 85.46885695) [49]
(82.62714595, 83.48428795000001) [66, 54]
(82.91285995000001, 83.76711995000001) [44]
(83.48428795000001, 84.04995195000001) [65, 53]
(83.76711995000001, 84.04995195000001) [37]
(84.04995195000001, 84.33278395) [41, 68, 56]
(84.33278395, 84.61561595) [44]
(84.33278395, 84.89844795) [71, 59]
(84.61561595, 85.46885695) [42]
(84.89844795, 85.03986395000001) [70, 58]
(85.18127995, 86.04401095) [61, 73]
(85.46885695, 86.33158795) [46]
(85.46885695, 88.91978095) [49]
(86.04401095, 86.90674195) [66, 54]
(86.33158795, 87.19431895000001) [44]
(86.90674195, 87.76947295000001) [65, 53]
(87.19431895000001, 88.05704995) [43]
(87.76947295000001, 88.63220395) [64, 52]
(88.05704995, 88.91978095) [44]
(88.63220395, 89.49493495) [53, 65]
(88.91978095, 89.78251195) [46]
(88.91978095, 90.64524295000001) [49]
(89.49493495, 90.35766595) [66, 54]
(89.78251195, 91.24424895000001) [44]
(90.35766595, 90.93281995000001) [65, 53]
(90.64524295000001, 91.24424895000001) [32]
(90.93281995000001, 91.08853445000001) [66, 54]
(91.24424895000001, 91.32210620000001) [44, 60, 48]
(91.55567795, 91.63353520000001) [37, 61, 49]
(92.17853595000001, 92.46474095) [65, 73, 68]
(92.46533721041668, 93.03775295416668) [63, 72, 68]
(93.03715095000001, 93.32611295000001) [67, 70, 61]
(93.32611295000001, 93.38029332500001) [60, 75, 68]
(93.90403695, 93.95632845) [58, 65, 73, 49]
(94.18292495, 94.23597095) [51, 68, 72, 63]
(94.74480295, 94.79915076249999) [61, 67, 70, 51]
(95.03465795, 95.0890057625) [60, 56, 68]
(95.61071795, 95.89692295) [70, 78, 73]
(95.89692295, 96.46933295) [68, 77, 73]
(96.46933295, 96.75829494999999) [66, 75, 72]
(96.75829494999999, 96.812475325) [65, 80, 73]
(97.33621894999999, 97.38876938749999) [63, 70, 78, 54]
(97.61648794999999, 97.6694092625) [68, 73, 77, 56]
(98.17835095, 98.23243757499999) [66, 72, 75, 56]
(98.46681294999999, 98.520899575) [65, 61, 73]
(99.04373695, 99.32335295) [56, 53]
(99.04373695, 99.60963995) [73, 61]
(99.32335295, 99.89592695) [56, 51]
(99.60963995, 99.89592695) [72, 60]
(99.89592695, 100.18419495) [49, 55, 58]
(99.89592695, 100.46923095000001) [70]
(100.18419495, 100.46923095000001) [60, 63, 48]
(100.46923095000001, 100.54048995000001) [75]
(100.75426695, 100.89278395) [58, 49]
(100.75426695, 101.03130095) [65]
(100.75426695, 101.31288495) [73]
(101.03130095, 101.17209295) [63, 51]
(101.03130095, 101.31288495) [68]
(101.31288495, 101.59446895) [72]
(101.59446895, 101.73498395) [61, 51]
(101.59446895, 101.87549895000001) [67]
(101.59446895, 102.15652895000001) [70]
(101.87549895000001, 102.01601395) [60, 56]
(102.15652895000001, 102.29704395) [68]
(102.43755895000001, 102.72376395) [61, 58]
(102.43755895000001, 103.00996895000002) [78, 66]
(102.72376395, 103.29617395000001) [61, 56]
(103.00996895000002, 103.29617395000001) [77, 65]
(103.29617395000001, 103.58444195000001) [60, 54, 63]
(103.29617395000001, 103.86547195000001) [75]
(103.58444195000001, 103.86547195000001) [65, 68, 53]
(103.86547195000001, 103.93572945000001) [80]
(104.14650195000002, 104.28859445000002) [63, 54]
(104.14650195000002, 104.43068695000001) [70]
(104.14650195000002, 104.71487195000002) [78]
(104.43068695000001, 104.57277945000001) [68, 56]
(104.43068695000001, 104.71487195000002) [73]
(104.71487195000002, 104.85696445000002) [77]
(104.99905695000001, 105.14114945000001) [66, 56]
(104.99905695000001, 105.28324195000002) [72]
(104.99905695000001, 105.56742695000001) [75]
(105.28324195000002, 105.42533445000002) [65, 61]
(105.56742695000001, 105.72273845000001) [73]
(105.87804995000002, 106.16631795000002) [61, 65, 73]
(106.16631795000002, 106.74285395000003) [58, 65, 73]
(106.74285395000003, 107.03112195000001) [56, 73, 65]
(107.03112195000001, 107.31938995000002) [55, 73]
(107.03112195000001, 107.60765795000002) [63]
(107.31938995000002, 107.46352395000002) [56, 72]
(107.60765795000002, 107.89940195000001) [56, 71, 63]
(107.89940195000001, 108.48288995000001) [56, 71, 63]
(108.48288995000001, 108.77463395000002) [54, 71, 63]
(108.77463395000002, 109.06637795000002) [53, 71]
(108.77463395000002, 109.35812195000001) [63]
(109.06637795000002, 109.21224995000001) [54, 70]
(109.35812195000001, 109.64653838333335) [54, 70, 61]
(109.64653838333335, 110.2562661166667) [56, 66, 72, 51]
(110.2562661166667, 110.58357291666668) [56, 65, 73, 49]
(110.58357291666668, 111.25142691666667) [75, 66]
(110.58357291666668, 111.58455855) [48, 56]
(111.25142691666667, 111.87076355) [63, 66]
(111.58455855, 112.15696855) [56, 49]
(111.87076355, 112.15696855) [65, 61]
(112.15696855, 112.30912905) [54, 70]
(112.15696855, 112.46128955) [42, 58]
(112.30912905, 112.46128955) [51, 66]
(112.46128955, 112.76561055) [65, 61]
(112.46128955, 113.08617455000001) [56, 42]
(112.76561055, 113.08617455000001) [63, 60]
(113.08617455000001, 113.3729522) [56, 61, 73, 53]
(113.3729522, 113.9453622) [56, 60, 72, 51]
(113.9453622, 114.2343242) [55, 70, 58, 49]
(114.2343242, 114.288504575) [60, 63, 75, 48]
(114.8122482, 114.9494977) [58, 49]
(114.8122482, 115.0867472) [65]
(114.8122482, 115.3676722) [73]
(115.0867472, 115.2272097) [63, 51]
(115.0867472, 115.3676722) [68]
(115.3676722, 115.64859720000001) [72]
(115.64859720000001, 115.78679520000001) [61, 51]
(115.64859720000001, 115.92499320000002) [67]
(115.64859720000001, 116.20526220000002) [70]
(115.92499320000002, 116.06512770000002) [60, 56]
(116.20526220000002, 116.34539670000002) [68]
(116.48553120000001, 116.77242020000001) [61, 66, 78, 58]
(116.77242020000001, 117.34619820000002) [61, 65, 77, 56]
(117.34619820000002, 117.63584320000001) [60, 63, 75, 54]
(117.63584320000001, 117.69015163750002) [61, 68, 80, 53]
(118.21169320000001, 118.49261820000001) [61, 58]
(118.21169320000001, 118.77822320000001) [78, 66]
(118.49261820000001, 119.0638282) [61, 56]
(118.77822320000001, 119.0638282) [77, 65]
(119.0638282, 119.2083092) [75, 63]
(119.0638282, 119.3527902) [54, 60]
(119.3527902, 119.406970575) [61, 68, 80, 53]
(119.9307142, 120.21681736666669) [61, 58]
(119.9307142, 120.51005376666667) [78, 66]
(120.21681736666669, 120.82298963333332) [61, 56]
(120.51005376666667, 120.82298963333332) [77, 65]
(120.82298963333332, 121.16575831666665) [61, 55, 64]
(120.82298963333332, 121.52124464999999) [70, 82]
(121.16575831666665, 121.52124464999999) [65, 56, 61]
(121.52124464999999, 121.87690565) [80, 68]
(122.23256665, 122.94388864999999) [60]
(122.23256665, 123.37476865) [54, 32, 44]
(122.94388864999999, 123.15932864999999) [63]
(123.15932864999999, 123.37476865) [61]
(123.37476865, 124.04269665) [44, 53, 61, 37]
