(1.444347375, 1.6698434999999998) [73]
(1.6698434999999998, 1.8704854999999998) [39, 72]
(1.8704854999999998, 2.0711275) [66]
(2.0711275, 2.280041125) [60]
(2.280041125, 2.4889547499999995) [72]
(2.4889547499999995, 2.8902387499999995) [37]
(2.4889547499999995, 3.2915227499999995) [70]
(2.6895967499999998, 2.8902387499999995) [65]
(2.8902387499999995, 3.0908807499999997) [58]
(3.0908807499999997, 3.324963083333333) [52]
(3.2915227499999995, 3.4921647499999997) [53]
(3.4921647499999997, 3.69280675) [58]
(3.69280675, 3.8934487499999997) [65]
(3.8934487499999997, 4.1858255416666665) [70]
(4.1189448749999995, 4.319586875) [39, 72]
(4.319586875, 4.520228875) [66]
(4.520228875, 4.7396555) [60]
(4.7396555, 4.959082125) [72]
(4.959082125, 5.3603661250000005) [37]
(4.959082125, 5.761650125) [77]
(5.159724125, 5.3603661250000005) [70]
(5.3603661250000005, 5.561008125) [65]
(5.561008125, 5.795090458333334) [57]
(5.761650125, 5.962292125) [58]
(5.962292125, 6.1629341250000005) [65]
(6.1629341250000005, 6.363576125) [70]
(6.363576125, 6.5754405) [77]
(6.5754405, 6.7760825) [80]
(6.5754405, 6.9767245) [34]
(6.7760825, 6.9767245) [73]
(6.9767245, 7.182768500000001) [68]
(7.182768500000001, 7.3888125) [80]
(7.3888125, 7.5894545) [78]
(7.3888125, 7.790096500000001) [39]
(7.5894545, 7.790096500000001) [73]
(7.790096500000001, 7.9907385) [66]
(7.9907385, 8.224820833333334) [57]
(8.191380500000001, 8.3920225) [58]
(8.3920225, 8.5926645) [61]
(8.5926645, 8.7933065) [70]
(8.7933065, 9.087370916666666) [73]
(9.018802625, 9.2245075) [78]
(9.018802625, 9.430212375) [32]
(9.2245075, 9.430212375) [72]
(9.430212375, 9.630747125) [66]
(9.630747125, 9.831281875) [78]
(9.831281875, 10.031923875) [77]
(9.831281875, 10.232565875) [37]
(10.031923875, 10.232565875) [72]
(10.232565875, 10.433207875) [65]
(10.433207875, 10.667290208333334) [55]
(10.633849875000001, 10.834491875000001) [56]
(10.834491875000001, 11.035133875) [60]
(11.035133875, 11.235775875) [68]
(11.235775875, 11.4552025) [72]
(11.4552025, 11.6558445) [77]
(11.4552025, 11.8564865) [30]
(11.6558445, 11.8564865) [70]
(11.8564865, 12.057128500000001) [65]
(12.057128500000001, 12.276555125000002) [77]
(12.276555125000002, 12.477197125000002) [75]
(12.276555125000002, 12.677839125000002) [36]
(12.477197125000002, 12.677839125000002) [70]
(12.677839125000002, 12.878481125000002) [63]
(12.878481125000002, 13.097907750000003) [73]
(13.097907750000003, 13.298549750000003) [72]
(13.097907750000003, 13.499191750000003) [39]
(13.298549750000003, 13.499191750000003) [66]
(13.499191750000003, 13.699833750000003) [60]
(13.699833750000003, 13.933916083333337) [53]
(13.900475750000004, 14.101117750000004) [54]
(14.101117750000004, 14.301759750000002) [58]
(14.301759750000002, 14.502401750000002) [66]
(14.502401750000002, 14.810376541666669) [77]
(14.740951375000002, 14.949226875) [75]
(14.740951375000002, 15.154931750000001) [29]
(14.949226875, 15.154931750000001) [69]
(15.154931750000001, 15.360975750000001) [63]
(15.360975750000001, 15.567019750000002) [73]
(15.567019750000002, 15.770161625000002) [72]
(15.567019750000002, 15.970803625000002) [41]
(15.770161625000002, 15.970803625000002) [69]
(15.970803625000002, 16.171445625) [63]
(16.171445625, 16.405527958333334) [52]
(16.372087625000002, 16.572729625) [53]
(16.572729625, 16.773371625000003) [57]
(16.773371625000003, 16.974013625) [65]
(16.974013625, 17.267260416666666) [78]
(17.19950975, 18.001792000000002) [77]
(17.40276175, 17.606013750000002) [72]
(17.606013750000002, 17.803902875000002) [69]
(17.803902875000002, 18.001792000000002) [65]
(18.001792000000002, 18.7762175) [76]
(18.19664775, 18.391503500000002) [72]
(18.391503500000002, 18.583860500000004) [69]
(18.583860500000004, 18.7762175) [65]
(18.7762175, 19.557945625) [75]
(18.966572875, 19.15692825) [72]
(19.15692825, 19.362633125) [69]
(19.362633125, 19.557945625) [65]
(19.557945625, 23.22382825833333) [73]
(19.753258125, 23.22382825833333) [69]
(19.948570625, 23.22382825833333) [66]
(20.138925999999998, 20.329281374999997) [61]
(20.329281374999997, 20.520126075) [57]
(20.520126075, 20.712928074999997) [54]
(20.712928074999997, 20.905730074999997) [49]
(20.905730074999997, 21.100540475) [45]
(21.100540475, 21.295852975) [42]
(21.295852975, 21.491680799999997) [37]
(21.491680799999997, 21.689569925) [33]
(21.689569925, 21.88745905) [30]
(21.88745905, 22.087464675) [27]
(22.087464675, 22.287999425) [39]
(22.287999425, 22.488534174999998) [42]
(22.488534174999998, 22.689068924999997) [45]
(22.689068924999997, 22.889603675) [51]
(22.889603675, 23.090138425) [54]
(23.090138425, 23.290673175) [57]
(23.290673175, 23.583049966666664) [73]
(23.516169299999998, 23.716811299999996) [72]
(23.516169299999998, 23.9174533) [39]
(23.716811299999996, 23.9174533) [66]
(23.9174533, 24.126366925) [60]
(24.126366925, 24.335280549999997) [72]
(24.335280549999997, 24.736564549999997) [37]
(24.335280549999997, 25.137848549999998) [70]
(24.535922549999995, 24.736564549999997) [65]
(24.736564549999997, 24.937206549999996) [58]
(24.937206549999996, 25.17128888333333) [52]
(25.137848549999998, 25.338490549999996) [53]
(25.338490549999996, 25.539132549999998) [58]
(25.539132549999998, 25.739774549999996) [65]
(25.739774549999996, 25.97925888333333) [70]
(25.945818549999995, 26.146460549999993) [72]
(25.945818549999995, 26.347102549999995) [39]
(26.146460549999993, 26.347102549999995) [66]
(26.347102549999995, 26.547637299999995) [60]
(26.547637299999995, 26.748172049999994) [72]
(26.748172049999994, 27.149456049999994) [37]
(26.748172049999994, 27.550740049999995) [77]
(26.948814049999992, 27.550740049999995) [72]
(27.149456049999994, 27.350098049999993) [65]
(27.350098049999993, 27.584180383333326) [57]
(27.550740049999995, 27.751382049999993) [58]
(27.751382049999993, 27.952024049999995) [65]
(27.952024049999995, 28.152666049999993) [70]
(28.152666049999993, 28.410714258333325) [77]
(28.378162174999993, 28.573474674999993) [82]
(28.378162174999993, 28.768787174999993) [36]
(28.573474674999993, 28.768787174999993) [76]
(28.768787174999993, 28.969321924999992) [70]
(28.969321924999992, 29.17759742499999) [82]
(29.17759742499999, 29.37823942499999) [81]
(29.17759742499999, 29.57888142499999) [41]
(29.37823942499999, 29.57888142499999) [75]
(29.57888142499999, 29.77952342499999) [69]
(29.77952342499999, 30.013605758333323) [59]
(29.980165424999992, 30.18080742499999) [60]
(30.18080742499999, 30.381449424999992) [63]
(30.381449424999992, 30.58209142499999) [72]
(30.58209142499999, 30.80758754999999) [77]
(30.80758754999999, 31.01329242499999) [80]
(30.80758754999999, 31.21899729999999) [34]
(31.01329242499999, 31.21899729999999) [74]
(31.21899729999999, 31.430861674999992) [68]
(31.430861674999992, 31.64272604999999) [80]
(31.64272604999999, 31.843368049999988) [79]
(31.64272604999999, 32.04401004999999) [39]
(31.843368049999988, 32.04401004999999) [73]
(32.04401004999999, 32.24465204999999) [67]
(32.24465204999999, 32.478734383333325) [57]
(32.44529404999999, 32.64593604999999) [58]
(32.64593604999999, 32.84657804999999) [61]
(32.84657804999999, 33.04722004999999) [70]
(33.04722004999999, 33.25326404999999) [75]
(33.25326404999999, 33.45390604999999) [78]
(33.25326404999999, 33.65454804999999) [32]
(33.45390604999999, 33.65454804999999) [72]
(33.65454804999999, 33.85519004999999) [66]
(33.85519004999999, 34.07461667499999) [78]
(34.07461667499999, 34.27525867499999) [77]
(34.07461667499999, 34.475900674999984) [37]
(34.27525867499999, 34.475900674999984) [71]
(34.475900674999984, 34.676542674999986) [65]
(34.676542674999986, 34.89596929999998) [75]
(34.89596929999998, 35.096611299999985) [73]
(34.89596929999998, 35.29725329999998) [49]
(35.096611299999985, 35.29725329999998) [71]
(35.29725329999998, 35.49789529999998) [65]
(35.49789529999998, 35.731977633333315) [55]
(35.698537299999984, 35.899179299999986) [56]
(35.899179299999986, 36.09982129999998) [59]
(36.09982129999998, 36.30046329999998) [68]
(36.30046329999998, 36.57372550833331) [76]
(36.53901292499998, 36.74728842499998) [77]
(36.53901292499998, 36.95299329999998) [36]
(36.74728842499998, 36.95299329999998) [68]
(36.95299329999998, 37.17241992499998) [65]
(37.17241992499998, 37.39184654999998) [73]
(37.39184654999998, 37.59498842499998) [72]
(37.39184654999998, 37.795630424999985) [48]
(37.59498842499998, 37.795630424999985) [68]
(37.795630424999985, 37.99627242499998) [65]
(37.99627242499998, 38.23035475833331) [52]
(38.19691442499998, 38.39755642499998) [53]
(38.39755642499998, 38.598198424999985) [56]
(38.598198424999985, 38.79884042499998) [65]
(38.79884042499998, 39.02433654999998) [72]
(39.02433654999998, 39.80056554999998) [73]
(39.21964904999998, 39.41496154999998) [67]
(39.41496154999998, 39.60776354999998) [64]
(39.60776354999998, 39.80056554999998) [60]
(39.80056554999998, 40.60260029999998) [70]
(39.99587804999998, 40.19119054999998) [67]
(40.19119054999998, 40.39689542499998) [61]
(40.39689542499998, 40.60260029999998) [60]
(40.60260029999998, 41.41529404999997) [67]
(40.80324229999998, 41.003884299999974) [64]
(41.003884299999974, 41.20958917499998) [58]
(41.20958917499998, 41.41529404999997) [60]
(41.41529404999997, 43.89260529999997) [70]
(41.61854604999997, 41.82179804999997) [65]
(41.82179804999997, 42.02505004999997) [60]
(42.02505004999997, 42.23109404999997) [53]
(42.23109404999997, 42.437138049999966) [48]
(42.437138049999966, 42.64318204999997) [44]
(42.64318204999997, 42.85504642499997) [41, 68]
(42.85504642499997, 43.07959729999997) [36, 80]
(43.07959729999997, 43.28284929999997) [32, 78]
(43.28284929999997, 43.486101299999966) [44, 72]
(43.486101299999966, 43.689353299999965) [66]
(43.689353299999965, 43.89260529999997) [78]
(43.89260529999997, 44.09324729999997) [77]
(43.89260529999997, 44.29388929999997) [37]
(44.09324729999997, 44.29388929999997) [71]
(44.29388929999997, 44.49453129999997) [65]
(44.49453129999997, 44.71395792499997) [75]
(44.71395792499997, 44.91459992499997) [73]
(44.71395792499997, 45.115241924999964) [49]
(44.91459992499997, 45.115241924999964) [71]
(45.115241924999964, 45.315883924999966) [65]
(45.315883924999966, 45.5499662583333) [55]
(45.51652592499997, 45.71716792499997) [56]
(45.71716792499997, 45.917809924999965) [59]
(45.917809924999965, 46.11845192499997) [68]
(46.11845192499997, 46.391714133333295) [74]
(46.357001549999964, 46.56527704999996) [73]
(46.357001549999964, 46.770981924999965) [37]
(46.56527704999996, 46.770981924999965) [68]
(46.770981924999965, 46.99040854999996) [65]
(46.99040854999996, 47.20983517499997) [72]
(47.20983517499997, 47.41297704999997) [71]
(47.20983517499997, 47.61361904999997) [49]
(47.41297704999997, 47.61361904999997) [68]
(47.61361904999997, 47.81426104999996) [62]
(47.81426104999996, 48.0483433833333) [52]
(48.014903049999965, 48.21554504999997) [53]
(48.21554504999997, 48.41618704999997) [56]
(48.41618704999997, 48.616829049999964) [65]
(48.616829049999964, 48.842325174999964) [73]
(48.842325174999964, 49.64989292499996) [71]
(49.042967174999966, 49.24360917499996) [68]
(49.24360917499996, 49.44675104999996) [62]
(49.44675104999996, 49.64989292499996) [30]
(49.64989292499996, 50.462586674999955) [69]
(49.85053492499996, 50.05117692499996) [66]
(50.05117692499996, 50.25688179999996) [61]
(50.25688179999996, 50.462586674999955) [30]
(50.462586674999955, 51.27528042499995) [68]
(50.66322867499996, 50.86387067499995) [65]
(50.86387067499995, 51.06957554999995) [59]
(51.06957554999995, 51.27528042499995) [30]
(51.27528042499995, 55.689484216666635) [66]
(51.48589988333329, 53.0216837583333) [62]
(51.69806882083329, 55.689484216666635) [57]
(51.91231399374996, 52.12882674374996) [54]
(52.12882674374996, 52.34587370416663) [50]
(52.34587370416663, 52.56659740416663) [45]
(52.56659740416663, 52.791686387499965) [42]
(52.791686387499965, 53.0216837583333) [38]
(53.0216837583333, 53.2549721833333) [33]
(53.0216837583333, 55.689484216666635) [61]
(53.2549721833333, 53.49483226666664) [30]
(53.49483226666664, 53.74192309166664) [33]
(53.74192309166664, 53.993278466666645) [38]
(53.993278466666645, 54.33190906458331) [42]
(54.33190906458331, 54.68340170208331) [45]
(54.68340170208331, 55.04845846666664) [50]
(55.04845846666664, 55.689484216666635) [54]
(55.689484216666635, 56.104441841666635) [65, 56]
(55.689484216666635, 56.54048834166664) [32, 60]
(56.104441841666635, 56.54048834166664) [63, 54]
(56.54048834166664, 56.976534841666634) [63, 54, 60]
(56.54048834166664, 57.578139091666635) [37]
(56.976534841666634, 58.20240259166663) [61, 53]
(57.37760434166663, 57.77867384166663) [43]
(57.77867384166663, 59.010854841666635) [44]
(58.20240259166663, 58.59302759166663) [65, 73]
(58.20240259166663, 59.78206284166664) [56]
(58.59302759166663, 59.010854841666635) [75, 66, 72]
(59.010854841666635, 59.203656841666636) [66, 72, 75]
(59.010854841666635, 60.97856146666663) [49]
(59.203656841666636, 60.56344509166664) [65]
(59.300057841666636, 60.56344509166664) [77]
(59.396458841666636, 60.56344509166664) [80]
(59.78206284166664, 60.16766684166664) [60]
(60.16766684166664, 61.798068466666635) [61]
(60.56344509166664, 60.775309466666634) [73, 77]
(60.775309466666634, 61.37433971666663) [66]
(60.87693546666664, 61.480271904166635) [78]
(60.97856146666663, 61.37433971666663) [82]
(60.97856146666663, 62.193846716666634) [56]
(60.97856146666663, 63.373241716666634) [49]
(61.37433971666663, 61.58620409166663) [72, 75]
(61.58620409166663, 62.79404034166664) [65]
(61.69213627916663, 62.79404034166664) [77]
(61.798068466666635, 62.79404034166664) [80]
(62.193846716666634, 62.589624966666634) [55]
(62.589624966666634, 64.17380421666662) [56]
(62.79404034166664, 63.18053871666663) [61]
(62.896248029166635, 63.373241716666634) [73]
(62.99845571666663, 63.373241716666634) [77]
(63.373241716666634, 63.60623334166663) [68, 72]
(63.373241716666634, 64.17380421666662) [46, 53]
(63.60623334166663, 64.17380421666662) [58]
(63.71433365416663, 64.17380421666662) [70]
(63.82243396666663, 64.17380421666662) [73]
(64.17380421666662, 64.57713846666663) [39]
(64.17380421666662, 65.36414321666663) [68, 65]
(64.57713846666663, 64.96403646666663) [46]
(64.96403646666663, 65.36414321666663) [51]
(65.36414321666663, 65.76424996666663) [58, 63, 66]
(65.76424996666663, 66.55195696666662) [66, 63]
(66.16435671666663, 66.55195696666662) [46, 58]
(66.55195696666662, 66.99207439166662) [47, 59]
(66.55195696666662, 67.35217046666662) [65, 38, 68]
(66.95206371666663, 67.39218114166663) [46, 58]
(67.35217046666662, 67.79228789166662) [57, 45]
(67.35217046666662, 68.15238396666662) [63, 39, 66]
(67.75227721666663, 68.19239464166662) [46, 58]
(68.15238396666662, 68.59573084166662) [59, 47]
(68.15238396666662, 68.98489196666662) [63, 66, 39]
(68.55249071666663, 68.98489196666662) [60, 48]
(68.98489196666662, 69.42855964166662) [51, 63]
(68.98489196666662, 69.79156046666662) [66, 41, 56]
(69.38822621666662, 69.83053161666662) [49, 61]
(69.79156046666662, 70.22237911666663) [60, 48]
(69.79156046666662, 70.59234346666663) [65, 41, 56]
(70.18127196666663, 70.63182754166664) [49, 61]
(70.59234346666663, 71.02666829166664) [60, 48]
(70.59234346666663, 71.43836200833329) [37, 53, 65]
(70.98718421666663, 71.43836200833329) [58, 46]
(71.43836200833329, 71.88807583333329) [45, 57]
(71.43836200833329, 72.25294577291662) [65, 42, 53]
(71.84719275833329, 72.29319118749994) [46, 58]
(72.25294577291662, 72.70197466249995) [61, 49]
(72.25294577291662, 73.08250491249994) [42, 63, 51]
(72.66052673749995, 73.1251818604166) [48, 60]
(73.08250491249994, 73.58090294374996) [58, 46]
(73.08250491249994, 74.05179592916662) [64, 42, 52]
(73.53209238749996, 74.05179592916662) [60]
(73.53209238749996, 75.76991976666663) [48]
(74.05179592916662, 75.19718201666663) [58]
(74.05179592916662, 75.76991976666663) [41, 65, 53]
(75.19718201666663, 75.76991976666663) [57]
(75.76991976666663, 76.18487739166663) [65, 56]
(75.76991976666663, 76.62092389166664) [32, 60]
(76.18487739166663, 76.62092389166664) [63, 54]
(76.62092389166664, 77.05697039166664) [63, 54, 60]
(76.62092389166664, 77.25750514166664) [37]
(77.05697039166664, 78.28283814166663) [61, 53]
(77.45803989166664, 77.85910939166664) [43]
(77.85910939166664, 79.09129039166663) [44]
(78.28283814166663, 78.67346314166663) [65, 73]
(78.28283814166663, 83.43343126666666) [56]
(78.67346314166663, 79.09129039166663) [75, 66, 72]
(79.09129039166663, 79.28409239166663) [66, 72, 75]
(79.09129039166663, 81.05899701666665) [49]
(79.28409239166663, 80.64388064166664) [65]
(79.38049339166663, 80.64388064166664) [77]
(79.47689439166663, 80.64388064166664) [80]
(79.86249839166663, 80.24810239166663) [58]
(80.24810239166663, 82.27428226666666) [59]
(80.64388064166664, 80.85574501666665) [73, 77]
(80.85574501666665, 81.45477526666666) [66]
(80.95737101666664, 81.56070745416666) [78]
(81.05899701666665, 81.45477526666666) [82]
(81.05899701666665, 83.43343126666666) [49]
(81.45477526666666, 81.66663964166666) [71, 75]
(81.66663964166666, 82.87447589166665) [65]
(81.77257182916667, 82.87447589166665) [77]
(81.87850401666665, 82.87447589166665) [80]
(82.27428226666666, 82.67006051666665) [58]
(82.67006051666665, 84.21822076666666) [59]
(82.87447589166665, 83.24681764166665) [61]
(82.96960526666665, 83.43343126666666) [73]
(83.06473464166665, 83.43343126666666) [77]
(83.43343126666666, 83.66642289166666) [68, 71]
(83.43343126666666, 84.21822076666666) [49, 53]
(83.66642289166666, 84.21822076666666) [58]
(83.76663670416666, 84.21822076666666) [70]
(83.86685051666666, 84.21822076666666) [73]
(84.21822076666666, 84.62155501666666) [42]
(84.21822076666666, 85.41087576666666) [69, 65]
(84.62155501666666, 85.01076901666666) [49]
(85.01076901666666, 85.41087576666666) [54]
(85.41087576666666, 85.81098251666666) [61, 66, 70]
(85.81098251666666, 86.62787176666666) [70, 66]
(86.21108926666666, 86.62787176666666) [49, 61]
(86.62787176666666, 87.06219659166666) [50, 62]
(86.62787176666666, 87.41755326666666) [66, 42, 69]
(87.02271251666666, 87.45703734166666) [49, 61]
(87.41755326666666, 87.85187809166666) [60, 48]
(87.41755326666666, 88.20723476666666) [66, 42, 70]
(87.81239401666666, 88.24671884166666) [49, 61]
(88.20723476666666, 88.64531564166666) [62, 50]
(88.20723476666666, 89.03447676666666) [66, 70, 42]
(88.60207551666666, 89.03447676666666) [61, 49]
(89.03447676666666, 89.47814444166666) [51, 63]
(89.03447676666666, 89.84114526666666) [71, 41, 68]
(89.43781101666666, 89.88147869166666) [49, 61]
(89.84114526666666, 90.28481294166666) [60, 48]
(89.84114526666666, 90.64781376666666) [70, 42, 66]
(90.24447951666666, 90.68814719166666) [49, 61]
(90.64781376666666, 91.05114801666666) [51]
(90.64781376666666, 91.09148144166666) [63]
(90.64781376666666, 91.52560099374999) [46, 55, 67]
(91.05114801666666, 91.52560099374999) [61]
(91.05114801666666, 91.93443174375) [49]
(91.52560099374999, 91.93443174375) [65]
(91.52560099374999, 92.34018475833332) [56, 44, 68]
(91.93443174375, 92.38043017291665) [61, 53]
(92.34018475833332, 92.74776572291665) [60]
(92.34018475833332, 92.78921364791665) [51]
(92.34018475833332, 93.61933137291666) [44]
(92.34018475833332, 94.19380167708333) [54, 66]
(92.74776572291665, 93.21242084583331) [58, 49]
(93.16974389791665, 93.61933137291666) [48]
(93.16974389791665, 93.67720174791665) [56]
(93.61933137291666, 94.19380167708333) [60]
(93.61933137291666, 96.48185975) [44]
(94.19380167708333, 95.33914775) [63]
(94.19380167708333, 96.48185975) [37, 65, 53]
(95.33914775, 96.10095575) [61]
(96.48185975, 96.67178125) [49, 61, 73]
(96.67178125, 96.87183462499999) [48, 60, 72]
(97.271941375, 97.45717225) [48, 60, 72]
(97.45717225, 98.04943337499999) [46]
(97.45717225, 98.24685375) [70, 58]
(98.04943337499999, 98.24685375) [40]
(98.24685375, 98.43581825) [41]
(98.24685375, 99.01273900000001) [65]
(98.43581825, 98.62478275) [45]
(98.62478275, 98.81374725) [53]
(98.81374725, 99.01273900000001) [41]
(99.01273900000001, 99.19935262500002) [42]
(99.19935262500002, 99.38596625000001) [46]
(99.38596625000001, 99.57257987500002) [54]
(99.57257987500002, 99.80734241666669) [77]
(99.77699525000001, 99.95907825000002) [76]
(99.95907825000002, 100.14116125000001) [73]
(100.14116125000001, 100.32324425000002) [64]
(100.32324425000002, 100.55563145833335) [54, 76]
(100.52491137500002, 100.70923187500001) [75, 55]
(100.70923187500001, 100.89355237500001) [58, 73]
(100.89355237500001, 101.07787287500001) [67, 63]
(101.07787287500001, 101.30758470833335) [55]
(101.27686462500002, 101.46118512500001) [56]
(101.46118512500001, 101.64550562500001) [60]
(101.64550562500001, 101.82982612500001) [68]
(101.82982612500001, 102.05154866666669) [80]
(102.02120150000002, 102.20328450000002) [78]
(102.20328450000002, 102.38536750000002) [75]
(102.38536750000002, 102.56745050000002) [66]
(102.56745050000002, 102.79983770833336) [44, 78]
(102.76911762500002, 102.95343812500002) [77, 45]
(102.95343812500002, 103.13775862500002) [48, 75]
(103.13775862500002, 103.32207912500002) [57, 65]
(103.32207912500002, 103.55217314583335) [45]
(103.52107087500002, 103.70768450000003) [46]
(103.70768450000003, 103.89429812500002) [50]
(103.89429812500002, 104.08091175000003) [58]
(104.08091175000003, 104.31813458333336) [82]
(104.28815137500003, 104.46805062500003) [80]
(104.46805062500003, 104.64794987500002) [58, 77]
(104.64794987500002, 104.82784912500003) [59, 68]
(104.82784912500003, 105.00561637500003) [62]
(105.00561637500003, 105.19946487500003) [71]
(105.19946487500003, 105.40934733333337) [59, 82]
(105.37936412500004, 105.55926337500003) [80, 60]
(105.55926337500003, 105.73916262500003) [65, 77]
(105.73916262500003, 105.91906187500003) [72, 68]
(105.91906187500003, 106.11695105000003) [60]
(106.09896112500003, 106.29902708750004) [61]
(106.27886037500004, 106.49063221250003) [65, 82]
(106.47298100000003, 106.64949312500003) [80, 73]
(106.64949312500003, 106.82600525000004) [77]
(106.82600525000004, 107.01832088750004) [71]
(107.00087497500003, 107.19278001250004) [70]
(107.17533410000003, 107.34919153750003) [68]
(107.34919153750003, 107.52164503750004) [65]
(107.52164503750004, 107.71134388750004) [59]
(107.69409853750003, 107.88203316250004) [58]
(107.86498383750003, 108.05252641250003) [56]
(108.03547708750003, 108.20597033750003) [53]
(108.20597033750003, 108.37646358750003) [47]
(108.37646358750003, 108.57648441250002) [36]
(108.55943508750002, 108.72992833750003) [37]
(108.72992833750003, 108.90042158750002) [44]
(108.90042158750002, 109.08796416250001) [47]
(109.07091483750003, 109.25728366875002) [48]
(109.24023434375003, 109.41072759375002) [49]
(109.41072759375002, 109.58131885625002) [56]
(109.58131885625002, 109.77101770625002) [59]
(109.75377235625002, 109.94347120625002) [60]
(109.92622585625003, 110.10028385625002) [61]
(110.10028385625002, 110.27474298125001) [68]
(110.27474298125001, 110.45043635) [71]
(110.45043635, 110.66888323125) [80]
(110.65151810625001, 110.82357955625001) [79]
(110.82357955625001, 110.99524355625) [76]
(110.99524355625, 111.18407395625) [70]
(111.16690755625001, 111.35573795625001) [68]
(111.33857155625, 111.51182535625) [67]
(111.51182535625, 111.68547660625) [64]
(111.68547660625, 111.87649298125001) [58]
(111.85912785625, 112.05022501875) [56]
(112.03277910625, 112.20723823125) [55]
(112.20723823125, 112.38585223125) [52]
(112.38585223125, 112.56031135625) [46]
(112.56031135625, 112.75238563125) [35]
(112.73460890624999, 112.91237615624999) [36]
(112.91237615624999, 113.09014340625) [43]
(113.09014340625, 113.28760618124998) [46]
(113.26961625624999, 113.46750543124999) [47]
(113.44951550625, 113.63205675625) [48]
(113.63205675625, 113.81775313124999) [55]
(113.81775313124999, 114.02467373124999) [58]
(114.00577728124999, 114.21532584375) [59]
(114.19618830625, 114.38954218125) [60]
(114.38954218125, 114.58542108124999) [67]
(114.58542108124999, 114.76839258124998) [70]
(114.58542108124999, 114.95136408124999) [85]
(114.58542108124999, 115.31730708125) [82, 79, 76]
(114.95136408124999, 115.31730708125) [84]
(115.31730708125, 115.68325008125) [59]
(115.31730708125, 116.07809083125) [64, 67]
(115.68325008125, 116.07809083125) [60]
(116.07809083125, 116.46084158125) [73]
(116.07809083125, 116.85882508124999) [70, 66, 63]
(116.46084158125, 116.85882508124999) [72]
(116.85882508124999, 117.28147933124998) [47]
(116.85882508124999, 117.74315983124998) [51, 54]
(117.28147933124998, 117.74315983124998) [48]
(117.74315983124998, 118.32030483124998) [61]
(117.74315983124998, 120.04042495624998) [51, 57, 53]
(118.32030483124998, 120.04042495624998) [60]
(118.94556533124998, 119.32082795624999) [28]
(119.32082795624999, 119.86052570624997) [29]
(119.86052570624997, 120.04042495624998) [41]
(120.04042495624998, 120.22032420624998) [45]
(120.22032420624998, 120.40022345624998) [48]
(120.40022345624998, 120.58012270624998) [51, 85]
(120.58012270624998, 120.75955165624997) [54, 75]
(120.75955165624997, 120.92701330624998) [57, 84]
(120.92701330624998, 121.09371705624997) [60, 78]
(121.09371705624997, 121.26042080624997) [66, 82]
(121.26042080624997, 121.42712455624998) [63, 72]
(121.42712455624998, 121.59532710624997) [54, 81]
(121.59532710624997, 121.76390435624997) [57, 75]
(121.76390435624997, 121.93248160624998) [63, 80]
(121.93248160624998, 122.10062170624998) [60, 69]
(122.10062170624998, 122.26732545624998) [51, 78]
(122.26732545624998, 122.43587148124998) [54, 72]
(122.43587148124998, 122.60585379791664) [60, 77]
(122.60585379791664, 122.77729450208331) [57, 66]
(122.77729450208331, 122.95021598124997) [48, 75]
(122.95021598124997, 123.12467510624997) [51, 69]
(123.12467510624997, 123.3011530145833) [57]
(123.3011530145833, 123.4792065145833) [54]
(123.4792065145833, 123.65886088958331) [51]
(123.65886088958331, 123.84014188958331) [48]
(123.84014188958331, 124.02311338958332) [45, 73]
(124.02311338958332, 124.20830660833332) [42, 63]
(124.20830660833332, 124.40066360833332) [39, 72]
(124.40066360833332, 124.59302060833332) [45, 66]
(124.59302060833332, 124.78537760833332) [54]
(125.38054548333332, 125.58330298333333) [39, 73]
(125.58330298333333, 125.78606048333332) [44, 65]
(125.78606048333332, 125.98881798333332) [71]
(125.78606048333332, 126.19157548333332) [53]
(125.98881798333332, 126.19157548333332) [68]
(126.19157548333332, 126.41222860833332) [59]
(126.41222860833332, 126.60964898333332) [71]
(126.60964898333332, 127.01093298333332) [38, 70]
(126.81029098333332, 127.01093298333332) [68]
(127.01093298333332, 127.21157498333332) [58]
(127.21157498333332, 127.44565731666665) [52]
(127.41221698333331, 127.61285898333331) [53]
(127.61285898333331, 127.81350098333331) [56]
(127.81350098333331, 128.01414298333333) [65]
(128.01414298333333, 128.27307944166668) [70]
(128.23963910833334, 128.44028110833332) [71]
(128.23963910833334, 128.64092310833334) [39]
(128.44028110833332, 128.64092310833334) [68]
(128.64092310833334, 128.86034973333335) [59]
(128.86034973333335, 129.07977635833333) [71]
(129.07977635833333, 129.28041835833332) [77]
(129.07977635833333, 129.48106035833334) [38]
(129.28041835833332, 129.48106035833334) [68]
(129.48106035833334, 129.68170235833333) [65]
(129.68170235833333, 129.91578469166666) [57]
(129.88234435833334, 130.08298635833333) [58]
(130.08298635833333, 130.28362835833335) [65]
(130.28362835833335, 130.48427035833333) [70]
(130.48427035833333, 130.72957506666668) [77]
(130.69613473333334, 130.89677673333333) [80]
(130.69613473333334, 131.09741873333334) [34]
(130.89677673333333, 131.09741873333334) [74]
(131.09741873333334, 131.30346273333333) [68]
(131.30346273333333, 131.50950673333335) [80]
(131.50950673333335, 131.71014873333334) [78]
(131.50950673333335, 131.91079073333336) [39]
(131.71014873333334, 131.91079073333336) [75]
(131.91079073333336, 132.11143273333334) [66]
(132.11143273333334, 132.34551506666668) [57]
(132.31207473333336, 132.51271673333335) [58]
(132.51271673333335, 132.71335873333337) [61]
(132.71335873333337, 132.91400073333335) [70]
(132.91400073333335, 133.1737810041667) [73]
(133.13949685833336, 133.34520173333337) [78]
(133.13949685833336, 133.55090660833335) [32]
(133.34520173333337, 133.55090660833335) [72]
(133.55090660833335, 133.75144135833335) [66]
(133.75144135833335, 133.95197610833335) [78]
(133.95197610833335, 134.15261810833334) [77]
(133.95197610833335, 134.35326010833336) [37]
(134.15261810833334, 134.35326010833336) [72]
(134.35326010833336, 134.55390210833335) [65]
(134.55390210833335, 134.78798444166668) [55]
(134.75454410833336, 134.95518610833335) [56]
(134.95518610833335, 135.15582810833337) [60]
(135.15582810833337, 135.35647010833335) [68]
(135.35647010833335, 135.57589673333337) [72]
(135.57589673333337, 135.77653873333335) [77]
(135.57589673333337, 135.97718073333337) [30]
(135.77653873333335, 135.97718073333337) [70]
(135.97718073333337, 136.17782273333336) [65]
(136.17782273333336, 136.39724935833337) [77]
(136.39724935833337, 136.59789135833336) [75]
(136.39724935833337, 136.79853335833337) [36]
(136.59789135833336, 136.79853335833337) [70]
(136.79853335833337, 136.99917535833336) [63]
(136.99917535833336, 137.21860198333337) [73]
(137.21860198333337, 137.41924398333336) [72]
(137.21860198333337, 137.61988598333338) [39]
(137.41924398333336, 137.61988598333338) [66]
(137.61988598333338, 137.82052798333336) [60]
(137.82052798333336, 138.0546103166667) [53]
(138.02116998333338, 138.22181198333337) [54]
(138.22181198333337, 138.42245398333338) [58]
(138.42245398333338, 138.62309598333337) [66]
(138.62309598333337, 138.8963581916667) [77]
(138.86164560833336, 139.06992110833338) [75]
(138.86164560833336, 139.27562598333338) [29]
(139.06992110833338, 139.27562598333338) [69]
(139.27562598333338, 139.48166998333338) [63]
(139.48166998333338, 139.6877139833334) [73]
(139.6877139833334, 139.8908558583334) [41, 72]
(139.8908558583334, 140.09149785833338) [69]
(140.09149785833338, 140.2921398583334) [63]
(140.2921398583334, 140.52622219166673) [52]
(140.4927818583334, 140.6934238583334) [53]
(140.6934238583334, 140.8940658583334) [57]
(140.8940658583334, 141.0947078583334) [65]
(141.0947078583334, 141.3202039833334) [78]
(141.3202039833334, 142.12248623333343) [77]
(141.5234559833334, 141.72670798333343) [72]
(141.72670798333343, 141.92459710833342) [69]
(141.92459710833342, 142.12248623333343) [65]
(142.12248623333343, 142.88880098333343) [76]
(142.31528823333343, 142.50809023333343) [72]
(142.50809023333343, 142.69844560833343) [69]
(142.69844560833343, 142.88880098333343) [65]
(142.88880098333343, 143.67052910833345) [75]
(143.07915635833342, 143.26951173333345) [72]
(143.26951173333345, 143.47521660833345) [69]
(143.47521660833345, 143.67052910833345) [65]
(143.67052910833345, 146.80165240833344) [73]
(143.86584160833345, 146.80165240833344) [69]
(144.06115410833345, 146.80165240833344) [66]
(144.25150948333345, 144.44186485833345) [61]
(144.44186485833345, 144.63270955833346) [57]
(144.63270955833346, 144.82551155833346) [54]
(144.82551155833346, 145.01831355833346) [49]
(145.01831355833346, 145.21312395833345) [45]
(145.21312395833345, 145.40843645833345) [42]
(145.40843645833345, 145.60426428333346) [37]
(145.60426428333346, 145.80215340833345) [33]
(145.80215340833345, 146.00004253333344) [30]
(146.00004253333344, 146.40058290833346) [27]
(146.20004815833346, 146.40058290833346) [85]
(146.40058290833346, 146.60111765833346) [39, 83]
(146.60111765833346, 146.80165240833344) [42, 81]
(146.80165240833344, 147.00218715833344) [45, 80]
(147.00218715833344, 147.20272190833344) [51, 78]
(147.20272190833344, 147.40325665833345) [54, 75]
(147.40325665833345, 147.60379140833345) [57, 73]
(147.60379140833345, 147.80443340833344) [72]
(147.60379140833345, 148.00507540833345) [39]
(147.80443340833344, 148.00507540833345) [66]
(148.00507540833345, 148.21398903333346) [60]
(148.21398903333346, 148.42290265833344) [72]
(148.42290265833344, 148.82418665833345) [37]
(148.42290265833344, 149.22547065833345) [70]
(148.62354465833343, 148.82418665833345) [65]
(148.82418665833345, 149.02482865833343) [58]
(149.02482865833343, 149.25891099166677) [52]
(149.22547065833345, 149.42611265833344) [53]
(149.42611265833344, 149.62675465833345) [58]
(149.62675465833345, 149.82739665833344) [65]
(149.82739665833344, 150.03344065833343) [70]
(150.03344065833343, 150.23408265833342) [73]
(150.03344065833343, 150.43472465833344) [40]
(150.23408265833342, 150.43472465833344) [66]
(150.43472465833344, 150.63525940833344) [58]
(150.63525940833344, 150.83579415833344) [73]
(150.83579415833344, 151.03643615833343) [78]
(150.83579415833344, 151.23707815833345) [39]
(151.03643615833343, 151.23707815833345) [71]
(151.23707815833345, 151.43772015833343) [66]
(151.43772015833343, 151.67180249166677) [53]
(151.63836215833345, 151.83900415833344) [54]
(151.83900415833344, 152.03964615833345) [59]
(152.03964615833345, 152.24028815833344) [66]
(152.24028815833344, 152.46578428333345) [75]
(152.46578428333345, 152.66109678333345) [73]
(152.46578428333345, 152.85640928333345) [40]
(152.66109678333345, 152.85640928333345) [67]
(152.85640928333345, 153.05694403333345) [58]
(153.05694403333345, 153.26521953333346) [70]
(153.26521953333346, 153.46586153333345) [71]
(153.26521953333346, 153.66650353333347) [39]
(153.46586153333345, 153.66650353333347) [66]
(153.66650353333347, 153.86714553333346) [59]
(153.86714553333346, 154.1012278666668) [53]
(154.06778753333347, 154.26842953333346) [54]
(154.26842953333346, 154.46907153333348) [59]
(154.46907153333348, 154.66971353333346) [66]
(154.66971353333346, 154.89520965833347) [71]
(154.89520965833347, 155.10091453333348) [75, 72]
(154.89520965833347, 155.30661940833346) [42]
(155.10091453333348, 155.30661940833346) [68]
(155.30661940833346, 155.51848378333347) [60]
(155.51848378333347, 155.73034815833347) [75]
(155.73034815833347, 155.93099015833346) [80]
(155.73034815833347, 156.13163215833347) [41]
(155.93099015833346, 156.13163215833347) [73]
(156.13163215833347, 156.33227415833346) [68]
(156.33227415833346, 156.5663564916668) [55]
(156.53291615833348, 156.73355815833347) [56]
(156.73355815833347, 156.93420015833348) [61]
(156.93420015833348, 157.13484215833347) [68]
(157.13484215833347, 157.34088615833346) [73]
(157.34088615833346, 157.54152815833345) [80]
(157.34088615833346, 157.74217015833347) [40]
(157.54152815833345, 157.74217015833347) [73]
(157.74217015833347, 157.94281215833345) [68]
(157.94281215833345, 158.16223878333346) [80]
(158.16223878333346, 158.36288078333345) [85]
(158.16223878333346, 158.56352278333347) [39]
(158.36288078333345, 158.56352278333347) [79]
(158.56352278333347, 158.76416478333346) [73]
(158.76416478333346, 158.9982471166668) [57]
(158.96480678333347, 159.16544878333346) [58]
(159.16544878333346, 159.36609078333348) [61]
(159.36609078333348, 159.56673278333346) [70]
(159.56673278333346, 159.77277678333346) [73]
(159.77277678333346, 159.97341878333344) [78]
(159.77277678333346, 160.17406078333346) [38]
(159.97341878333344, 160.17406078333346) [72]
(160.17406078333346, 160.37470278333345) [66]
(160.37470278333345, 160.59412940833346) [78]
(160.59412940833346, 160.79477140833345) [83]
(160.59412940833346, 160.99541340833346) [37]
(160.79477140833345, 160.99541340833346) [77]
(160.99541340833346, 161.19605540833345) [71]
(161.19605540833345, 161.43013774166678) [55]
(161.39669740833347, 161.59733940833345) [56]
(161.59733940833345, 161.79798140833347) [59]
(161.79798140833347, 161.99862340833346) [68]
(161.99862340833346, 162.20466740833345) [71]
(162.20466740833345, 162.40530940833344) [76]
(162.20466740833345, 162.60595140833345) [36]
(162.40530940833344, 162.60595140833345) [70]
(162.60595140833345, 162.80659340833344) [64]
(162.80659340833344, 163.02602003333345) [76]
(163.02602003333345, 163.43742978333344) [35]
(163.02602003333345, 163.83258253333344) [81]
(163.23172490833346, 163.43742978333344) [75]
(163.43742978333344, 163.63500615833345) [69]
(163.63500615833345, 163.83258253333344) [59]
(163.83258253333344, 164.60700803333344) [78]
(164.02493953333342, 164.21729653333344) [75]
(164.21729653333344, 164.41215228333343) [69]
(164.41215228333343, 164.60700803333344) [47]
(164.60700803333344, 165.44191403333343) [75]
(164.80993015833343, 165.01285228333344) [69]
(165.01285228333344, 165.22738315833345) [66]
(165.22738315833345, 165.44191403333343) [35]
(165.44191403333343, 166.24818528333344) [69]
(165.64483615833342, 165.84775828333343) [63]
(165.84775828333343, 166.04797178333342) [57]
(166.04797178333342, 166.24818528333344) [47]
(166.24818528333344, 167.02774003333343) [68]
(166.44054228333343, 166.63289928333344) [63]
(166.63289928333344, 166.83031965833345) [57]
(166.83031965833345, 167.02774003333343) [35]
(167.02774003333343, 167.92603440833344) [66]
(167.24227090833344, 167.45680178333342) [63]
(167.45680178333342, 167.66250665833343) [57]
(167.66250665833343, 167.92603440833344) [47]
(167.79427053333342, 167.92603440833344) [65, 57, 63]
(167.92603440833344, 168.33187865833344) [41, 48, 36]
(167.92603440833344, 168.72159015833344) [87]
(168.12895653333342, 168.33187865833344) [81]
(168.33187865833344, 168.52673440833343) [75]
(168.52673440833343, 168.72159015833344) [60, 65]
(168.72159015833344, 169.51172865833345) [81]
(168.92180365833343, 169.12201715833345) [75]
(169.12201715833345, 169.31687290833344) [69]
(169.31687290833344, 169.51172865833345) [53, 60]
(169.51172865833345, 170.30272415833346) [75]
(169.71237065833344, 169.91301265833346) [69]
(169.91301265833346, 170.10786840833345) [63]
(170.10786840833345, 170.30272415833346) [53, 48]
(170.30272415833346, 171.08421090833346) [69]
(170.50066553333346, 170.69860690833346) [63]
(170.69860690833346, 170.89140890833346) [57]
(170.89140890833346, 171.08421090833346) [48, 41]
(171.08421090833346, 171.88624565833345) [68]
(171.27952340833346, 171.47483590833346) [63]
(171.47483590833346, 171.68054078333347) [57]
(171.68054078333347, 171.88624565833345) [29]
(171.88624565833345, 172.71054140833346) [66]
(172.08688765833344, 172.28752965833345) [63]
(172.28752965833345, 172.49903553333345) [57]
(172.49903553333345, 172.71054140833346) [48, 41]
(172.71054140833346, 173.5777788125001) [65]
(172.9215254500001, 173.13673075416676) [60]
(173.13673075416676, 173.35533569166677) [57]
(173.35533569166677, 173.5777788125001) [29]
(173.5777788125001, 174.5088297437501) [64]
(173.80425056666675, 174.03448632916678) [60]
(174.03448632916678, 174.26953341041676) [57]
(174.26953341041676, 174.5088297437501) [48, 41]
(174.5088297437501, 177.09495130000008) [63]
(174.8348757270834, 177.09495130000008) [60]
(175.17000647291675, 177.09495130000008) [57]
(175.51378480000008, 177.09495130000008) [29]
(177.09495130000008, 177.5576285500001) [62]
(177.09495130000008, 178.0763008000001) [53, 41, 57]
(177.5576285500001, 178.0763008000001) [51, 60]
(178.0763008000001, 178.5861580500001) [51, 60, 57]
(178.0763008000001, 179.08749505000011) [41]
(178.0763008000001, 180.08192880000013) [53]
(178.5861580500001, 180.08192880000013) [58]
(178.5861580500001, 182.81688080000015) [50]
(179.08749505000011, 179.58883205000012) [40]
(179.58883205000012, 182.81688080000015) [41]
(180.08192880000013, 180.53757880000012) [76]
(180.53757880000012, 180.99322880000014) [77]
(180.99322880000014, 181.43544580000014) [74]
(181.43544580000014, 181.90537055000013) [70]
(181.90537055000013, 182.35420355000014) [65]
(182.35420355000014, 182.81688080000015) [62]
(182.81688080000015, 183.27955805000013) [65, 56, 61]
(182.81688080000015, 183.79823030000014) [41]
(183.27955805000013, 183.79823030000014) [54, 60, 57, 63]
(183.79823030000014, 184.30808755000015) [54, 63, 57, 60]
(183.79823030000014, 184.80942455000016) [41]
(184.30808755000015, 185.80385830000017) [56, 61]
(184.30808755000015, 188.5388103000002) [53]
(184.80942455000016, 185.31076155000017) [40]
(185.31076155000017, 188.5388103000002) [41]
(185.80385830000017, 186.25950830000016) [79]
(186.25950830000016, 186.71515830000018) [80]
(186.71515830000018, 187.15737530000018) [77]
(187.15737530000018, 187.62730005000017) [73]
(187.62730005000017, 188.07613305000018) [68]
(188.07613305000018, 188.5388103000002) [65]
(188.5388103000002, 189.00148755000018) [73]
(188.5388103000002, 189.5201598000002) [41]
(189.00148755000018, 189.5201598000002) [72]
(189.00148755000018, 190.0300170500002) [51, 66, 60, 57]
(189.5201598000002, 190.0300170500002) [72]
(189.5201598000002, 190.5313540500002) [41]
(190.0300170500002, 191.52578780000022) [70]
(190.0300170500002, 191.98846505000023) [53, 50, 58, 65]
(190.5313540500002, 191.0326910500002) [40]
(191.0326910500002, 193.51833155000025) [41]
(191.52578780000022, 191.98846505000023) [70]
(191.98846505000023, 192.50713730000024) [71]
(191.98846505000023, 193.01699455000025) [53, 65, 49, 59]
(192.50713730000024, 193.01699455000025) [71]
(193.01699455000025, 194.51276530000027) [72]
(193.01699455000025, 194.97544255000028) [55, 48, 60, 64]
(193.51833155000025, 194.01966855000026) [40]
(194.01966855000026, 196.5053090500003) [41]
(194.51276530000027, 194.97544255000028) [72]
(194.97544255000028, 195.4941148000003) [70]
(194.97544255000028, 196.0039720500003) [55, 64, 48, 58]
(195.4941148000003, 196.0039720500003) [70]
(196.0039720500003, 197.49974280000032) [68]
(196.0039720500003, 197.96242005000033) [53, 49, 56, 65]
(196.5053090500003, 197.0066460500003) [40]
(197.0066460500003, 199.49228655000036) [41]
(197.49974280000032, 197.96242005000033) [68]
(197.96242005000033, 198.48109230000034) [69]
(197.96242005000033, 198.99094955000035) [53, 63, 47, 57]
(198.48109230000034, 198.99094955000035) [69]
(198.99094955000035, 200.48672030000037) [70]
(198.99094955000035, 201.01451755000036) [62, 58, 46, 53]
(199.49228655000036, 199.99362355000036) [40]
(199.99362355000036, 202.76467830000036) [41]
(200.48672030000037, 201.01451755000036) [58]
(201.01451755000036, 201.57172405000037) [61]
(201.01451755000036, 202.18597455000037) [53, 46]
(201.57172405000037, 202.18597455000037) [61]
(202.18597455000037, 203.94530830000036) [60, 65]
(202.18597455000037, 204.57239855000037) [53]
(202.18597455000037, 206.13375780000035) [58, 48]
(202.76467830000036, 203.34338205000037) [40]
(203.34338205000037, 206.13375780000035) [41]
(203.94530830000036, 204.57239855000037) [53]
(204.57239855000037, 205.27267855000036) [60]
(205.27267855000036, 206.13375780000035) [60]
(206.13375780000035, 207.50237080000036) [54, 63, 57]
(206.13375780000035, 209.75073755000037) [29]
(207.50237080000036, 208.93640530000036) [53, 57, 61]
(208.93640530000036, 213.00894705000036) [60, 57, 51]
(210.56506980000037, 211.21952005000037) [22]
(211.21952005000037, 211.83201505000036) [34]
(211.83201505000036, 212.42048105000038) [41]
(212.42048105000038, 213.00894705000036) [46]
(213.00894705000036, 213.59741305000037) [49]
(213.00894705000036, 214.1613596333337) [58]
(213.59741305000037, 214.18587905000035) [53]
(214.18587905000035, 214.77434505000036) [58]
(214.18587905000035, 216.53974305000037) [46]
(214.77434505000036, 215.36281105000037) [61]
(215.36281105000037, 215.95127705000036) [65]
(215.95127705000036, 216.53974305000037) [70]
(216.53974305000037, 217.24763745000038) [73]
(216.53974305000037, 218.2828342000004) [34]
(217.24763745000038, 218.2828342000004) [77, 89]
(218.2828342000004, 224.49401470000038) [34, 49, 82, 94, 41]
