(2.1129724999999997, 2.8027865) [39, 70]
(2.8027865, 4.1223955) [51, 63, 75, 55]
(3.4480864999999996, 4.1223955) [74]
(4.1223955, 4.7967045) [55, 72, 63, 75, 51]
(4.7967045, 6.1453225) [55, 70, 63, 75, 51]
(6.1453225, 6.482476999999999) [68]
(6.1453225, 6.8196315) [39, 75, 63]
(6.482476999999999, 6.8196315) [67]
(6.8196315, 7.5094455) [65]
(6.8196315, 8.1992595) [55, 51, 75]
(7.5094455, 8.1992595) [63]
(8.1992595, 8.940183) [55, 75, 67, 51]
(8.940183, 10.42203) [55, 70, 63, 75, 51]
(10.42203, 10.7591845) [72]
(10.42203, 11.148896) [31, 75, 63]
(10.7591845, 11.148896) [74]
(11.148896, 12.497514) [75, 43, 63, 55, 51]
(11.823205000000002, 12.497514) [74]
(12.497514, 13.179487) [55, 75, 72, 63, 51, 43]
(13.179487, 14.543433) [55, 75, 70, 63, 51, 43]
(14.543433, 14.89235125) [68]
(14.543433, 15.2412695) [34, 75, 63]
(14.89235125, 15.2412695) [67]
(15.2412695, 15.915578499999999) [70]
(15.2412695, 16.60254925) [75, 55, 46]
(15.915578499999999, 16.60254925) [63]
(16.437677875, 16.60254925) [67]
(16.60254925, 17.34347275) [56, 74, 65, 46]
(17.34347275, 18.41515675) [63]
(17.34347275, 18.75614325) [55, 51, 75]
(18.41515675, 18.75614325) [67]
(18.75614325, 19.085886000000002) [70]
(18.75614325, 19.447419000000004) [39]
(19.085886000000002, 19.447419000000004) [79]
(19.447419000000004, 20.129392000000003) [77]
(19.447419000000004, 20.811365000000002) [60, 80, 68, 51]
(20.129392000000003, 20.811365000000002) [72]
(20.811365000000002, 21.534431) [56, 77, 74, 65, 51]
(21.534431, 22.960016500000002) [79, 70, 67, 58, 51]
(22.619030000000002, 22.960016500000002) [75]
(22.960016500000002, 23.301003) [79]
(22.960016500000002, 23.6419895) [39, 82, 70]
(23.301003, 23.6419895) [75]
(23.6419895, 24.301475) [77]
(23.6419895, 24.975784) [60, 80, 68, 51]
(24.301475, 24.975784) [72]
(24.975784, 25.69885) [56, 77, 74, 65, 51]
(25.69885, 26.421916) [75]
(25.69885, 27.1197525) [58, 67, 79, 51]
(26.421916, 27.1197525) [70]
(27.1197525, 27.8017255) [51, 67, 75, 72, 39]
(27.8017255, 28.4836985) [46, 58]
(27.8017255, 29.165671500000002) [77, 65, 74]
(28.4836985, 29.165671500000002) [45, 57]
(29.165671500000002, 29.8801275) [43, 55]
(29.165671500000002, 30.594583500000002) [82, 70, 74]
(29.8801275, 31.3090395) [41, 53]
(30.594583500000002, 31.3090395) [70, 74]
(31.3090395, 31.646194) [39, 51]
(31.3090395, 32.01665575) [70, 81, 77]
(31.646194, 32.01665575) [50, 38]
(32.01665575, 32.70646975) [79, 70, 75]
(32.01665575, 33.396283749999995) [41, 53]
(32.70646975, 33.396283749999995) [69, 77, 74]
(33.396283749999995, 33.74520199999999) [67, 75, 72]
(33.396283749999995, 34.14004274999999) [46, 34]
(33.74520199999999, 33.991977468749994) [74, 65, 70]
(33.991977468749994, 34.84609124999999) [63]
(34.04133256249999, 35.625514249999995) [68]
(34.09068765624999, 34.84609124999999) [72]
(34.14004274999999, 34.84609124999999) [77]
(34.14004274999999, 35.625514249999995) [34, 46]
(34.84609124999999, 35.625514249999995) [62, 70]
(35.625514249999995, 36.06812274999999) [60, 72, 63]
(35.625514249999995, 36.341945374999995) [56, 46]
(36.06812274999999, 36.615767999999996) [65, 62, 70]
(36.341945374999995, 37.981480499999996) [39]
(36.615767999999996, 37.981480499999996) [75, 63, 55]
(37.307171499999995, 37.981480499999996) [74]
(37.981480499999996, 38.6557895) [55, 72, 63, 75, 51]
(38.6557895, 40.0044075) [55, 70, 63, 75, 51]
(40.0044075, 40.341561999999996) [68]
(40.0044075, 40.67871649999999) [39, 75, 63]
(40.341561999999996, 40.67871649999999) [67]
(40.67871649999999, 41.36853049999999) [65]
(40.67871649999999, 42.05834449999999) [55, 51, 75]
(41.36853049999999, 42.05834449999999) [63]
(42.05834449999999, 42.79926799999999) [55, 75, 67, 51]
(42.79926799999999, 44.28111499999999) [55, 70, 63, 75, 51]
(44.28111499999999, 44.61826949999999) [72]
(44.28111499999999, 45.00798099999999) [36, 75, 63]
(44.61826949999999, 45.00798099999999) [74]
(45.00798099999999, 46.35659899999999) [48, 63, 75, 55]
(45.68228999999999, 46.35659899999999) [74]
(46.35659899999999, 47.03857199999999) [55, 72, 63, 75, 48]
(47.03857199999999, 48.402517999999986) [55, 70, 63, 75, 48]
(48.402517999999986, 48.75143624999998) [69]
(48.402517999999986, 49.10035449999999) [41, 75, 63]
(48.75143624999998, 49.10035449999999) [67]
(49.10035449999999, 49.77466349999999) [69]
(49.10035449999999, 50.46163424999999) [60, 65, 75, 53]
(49.77466349999999, 50.46163424999999) [70]
(50.46163424999999, 51.20255774999999) [57, 72, 65, 75, 53]
(51.20255774999999, 52.27424174999999) [65, 75, 70]
(51.20255774999999, 52.61522824999999) [58, 46, 77]
(52.27424174999999, 52.61522824999999) [74]
(52.61522824999999, 52.94497099999999) [72]
(52.61522824999999, 53.125737499999985) [58, 68, 62]
(52.61522824999999, 53.30650399999999) [82]
(52.94497099999999, 53.30650399999999) [70]
(53.125737499999985, 54.45753574999999) [51]
(53.21612074999999, 54.45753574999999) [58]
(53.30650399999999, 54.45753574999999) [67]
(53.30650399999999, 54.62611299999999) [87, 75]
(53.95180399999999, 54.62611299999999) [86]
(54.45753574999999, 55.93074399999999) [51]
(54.54182437499999, 55.93074399999999) [58]
(54.62611299999999, 55.27842849999999) [84, 75]
(54.62611299999999, 55.93074399999999) [67, 87]
(55.27842849999999, 55.93074399999999) [82, 74]
(55.93074399999999, 56.58305949999999) [80, 72]
(55.93074399999999, 57.23537499999999) [75, 58, 51]
(56.58305949999999, 57.23537499999999) [79, 70]
(57.23537499999999, 57.88067499999999) [77, 68, 75]
(57.23537499999999, 58.52948274999999) [51, 58]
(57.88067499999999, 58.20683274999999) [67]
(57.88067499999999, 58.52948274999999) [75]
(58.20683274999999, 58.52948274999999) [65]
(58.52948274999999, 58.85213274999999) [63]
(58.52948274999999, 59.17478274999999) [72]
(58.52948274999999, 59.834268249999994) [51, 55]
(58.85213274999999, 59.17478274999999) [67]
(59.24897486874999, 60.60445854999999) [70]
(59.834268249999994, 61.29238174999999) [43, 51, 55]
(60.52408224999999, 60.88131024999999) [72]
(60.52408224999999, 61.29238174999999) [63]
(60.88131024999999, 61.29238174999999) [74]
(61.29238174999999, 62.68805474999999) [75, 45, 63, 55, 51]
(61.99021824999999, 62.68805474999999) [74]
(62.68805474999999, 63.40251074999999) [72, 63, 75]
(62.68805474999999, 64.11696674999999) [46, 55, 51]
(63.40251074999999, 64.83142274999999) [70]
(64.11696674999999, 65.60085074999999) [75, 48, 63, 55, 51]
(64.83142274999999, 65.21613674999999) [68]
(65.21613674999999, 65.60085074999999) [67]
(65.60085074999999, 66.32391675) [70]
(65.60085074999999, 67.10545) [75, 55, 46]
(66.32391675, 67.10545) [63]
(66.920219125, 67.10545) [67]
(67.10545, 67.939015) [56, 74, 65, 46]
(67.939015, 69.653791) [55, 63, 75, 51]
(69.653791, 70.03949425) [52, 76, 64, 40]
(70.03949425, 70.4756675) [54, 78, 66, 42]
(70.4756675, 71.267433) [56, 68, 80, 44]
(71.267433, 72.0591985) [54, 78, 66, 42]
(72.0591985, 72.89508599999999) [52, 76, 64, 40]
(72.89508599999999, 74.56686099999999) [51, 75, 63, 39]
(74.56686099999999, 74.96274374999999) [49, 37]
(74.56686099999999, 75.41197999999999) [63, 51, 61]
(74.96274374999999, 75.41197999999999) [47, 35]
(75.41197999999999, 76.19343349999998) [46, 34]
(75.41197999999999, 76.97488699999998) [51, 63, 59]
(76.19343349999998, 76.97488699999998) [44, 32]
(76.97488699999998, 77.84723349999999) [47, 51, 63, 56, 35]
(77.84723349999999, 79.49603849999998) [39, 51, 63]
(79.49603849999998, 79.88174174999999) [64, 76]
(79.49603849999998, 80.31791499999999) [61, 51]
(79.88174174999999, 80.31791499999999) [66, 78]
(80.31791499999999, 81.10968049999998) [80, 68]
(80.31791499999999, 81.90144599999998) [59, 51]
(81.10968049999998, 81.90144599999998) [78, 66]
(81.90144599999998, 82.73733349999998) [56, 76, 64, 51]
(82.73733349999998, 84.40910849999997) [63, 63, 75, 51]
(84.40910849999997, 84.79481174999998) [64, 76]
(84.40910849999997, 85.23098499999998) [49, 37]
(84.79481174999998, 85.23098499999998) [66, 75, 78]
(85.23098499999998, 86.05538749999998) [80, 76, 68]
(85.23098499999998, 86.87978999999997) [46, 34]
(86.05538749999998, 86.87978999999997) [66, 75, 78]
(86.87978999999997, 87.77826249999997) [64, 73, 76]
(86.87978999999997, 88.74945049999997) [43, 31]
(87.77826249999997, 88.74945049999997) [71, 75, 63]
(88.74945049999997, 89.86510699999997) [61, 70, 73]
(88.74945049999997, 92.19249249999997) [44, 32]
(89.86510699999997, 92.19249249999997) [68, 59, 71]
(92.19249249999997, 92.68607599999997) [34]
(92.68607599999997, 93.13531224999997) [46]
(93.13531224999997, 93.57148549999997) [51]
(93.13531224999997, 94.00765874999998) [70]
(93.13531224999997, 94.93907074999997) [66]
(93.57148549999997, 94.00765874999998) [54]
(94.00765874999998, 94.41985999999997) [58]
(94.93907074999997, 95.37524399999997) [34]
(94.93907074999997, 95.81141724999998) [71]
(94.93907074999997, 96.65420474999998) [68]
(95.37524399999997, 95.81141724999998) [46]
(95.81141724999998, 96.21803149999998) [53, 59]
(96.21803149999998, 96.65420474999998) [56]
(96.65420474999998, 97.53961424999999) [68, 65]
(97.53961424999999, 97.98222274999999) [34, 56]
(97.98222274999999, 98.4001665) [46]
(98.4001665, 98.824015) [50]
(98.4001665, 99.23621625) [77]
(98.4001665, 100.20466325) [80]
(98.824015, 99.23621625) [53]
(99.23621625, 99.6854525) [68]
(100.20466325, 100.64727175) [34]
(100.20466325, 101.08988025) [78]
(100.20466325, 101.94469) [82]
(100.64727175, 101.08988025) [46]
(101.08988025, 101.53248875) [51, 70]
(101.53248875, 101.94469) [54]
(101.94469, 102.8061275) [78, 75]
(102.8061275, 103.25536375) [34, 66]
(103.25536375, 103.7046) [46]
(103.7046, 104.14077325) [47]
(103.7046, 104.5769465) [66]
(103.7046, 105.5083585) [63]
(104.14077325, 104.5769465) [51]
(104.5769465, 104.98914775) [54]
(105.5083585, 105.94453175) [32]
(105.5083585, 106.380705) [65, 63]
(105.5083585, 107.2234925) [59]
(105.94453175, 106.380705) [44]
(106.380705, 106.78731925000001) [47, 53]
(106.78731925000001, 107.2234925) [51]
(107.2234925, 108.10890200000001) [65, 63, 59]
(108.10890200000001, 108.56496775000001) [32]
(108.56496775000001, 109.014204) [44]
(109.014204, 109.45037725) [46]
(109.014204, 109.88655050000001) [73, 70]
(109.014204, 110.81796250000001) [77]
(109.45037725, 109.88655050000001) [49]
(109.88655050000001, 110.29875175000001) [65]
(110.81796250000001, 111.25413575) [30]
(110.81796250000001, 111.69030900000001) [73, 70]
(110.81796250000001, 112.53309650000001) [75]
(111.25413575, 111.69030900000001) [42]
(111.69030900000001, 112.09692325000002) [46, 63]
(112.09692325000002, 112.53309650000001) [49]
(112.53309650000001, 113.41850600000002) [75, 73, 70]
(113.41850600000002, 113.86774225000002) [30]
(113.86774225000002, 114.31697850000002) [42]
(114.31697850000002, 114.75315175000001) [46]
(114.31697850000002, 115.18932500000003) [60, 58]
(114.31697850000002, 116.12073700000002) [64]
(114.75315175000001, 115.18932500000003) [48]
(115.18932500000003, 116.12073700000002) [52]
(116.12073700000002, 116.55691025000002) [29]
(116.12073700000002, 116.99308350000003) [60, 58]
(116.12073700000002, 117.83587100000003) [65]
(116.55691025000002, 116.99308350000003) [41]
(116.99308350000003, 117.39969775000003) [46]
(116.99308350000003, 117.83587100000003) [53]
(117.39969775000003, 117.83587100000003) [48]
(117.83587100000003, 118.72128050000003) [60, 58]
(118.72128050000003, 121.36166550000003) [51, 53, 65, 41, 69, 75, 77, 45]
(119.61975300000003, 120.46745000000003) [49, 73]
(120.46745000000003, 121.36166550000003) [48, 72]
(121.36166550000003, 123.05705950000002) [51, 75]
(121.36166550000003, 123.94401400000002) [53, 46, 70, 77, 65, 41]
(123.05705950000002, 123.94401400000002) [49, 73]
(123.94401400000002, 124.39325025000002) [30]
(124.39325025000002, 124.84248650000002) [42]
(124.84248650000002, 125.27865975000002) [46]
(124.84248650000002, 125.71483300000003) [60, 58]
(124.84248650000002, 126.64624500000002) [64]
(125.27865975000002, 125.71483300000003) [48]
(125.71483300000003, 126.64624500000002) [52]
(126.64624500000002, 127.08241825000002) [24]
(126.64624500000002, 127.51859150000003) [58]
(126.64624500000002, 128.36137900000003) [66, 63]
(127.08241825000002, 127.51859150000003) [36]
(127.51859150000003, 127.92520575000003) [39]
(127.51859150000003, 128.36137900000003) [54]
(127.92520575000003, 128.36137900000003) [46]
(128.36137900000003, 129.27541150000002) [60, 51, 54]
(129.27541150000002, 131.97000125000002) [51, 53, 65, 41, 69, 75, 77, 45]
(130.16062850000003, 131.00832550000004) [49, 73]
(131.00832550000004, 131.97000125000002) [48, 72]
(131.97000125000002, 132.91073525000002) [56, 80, 68, 44]
(131.97000125000002, 135.03007175000002) [74, 46, 50, 70]
(132.91073525000002, 133.91441525000002) [54, 42, 66, 78]
(133.91441525000002, 135.03007175000002) [53, 65, 77, 41]
(135.03007175000002, 135.52365525000002) [39]
(135.52365525000002, 135.97289150000003) [46]
(135.97289150000003, 136.40906475000003) [51]
(135.97289150000003, 136.84523800000002) [70]
(135.97289150000003, 137.77665000000005) [66]
(136.40906475000003, 136.84523800000002) [54]
(136.84523800000002, 137.25743925000003) [58]
(137.77665000000005, 138.21282325000004) [32]
(137.77665000000005, 138.64899650000004) [71]
(137.77665000000005, 139.49178400000002) [68]
(138.21282325000004, 138.64899650000004) [44]
(138.64899650000004, 139.05561075000003) [47, 59]
(139.05561075000003, 139.49178400000002) [52]
(139.49178400000002, 140.37719350000003) [68, 64]
(140.37719350000003, 140.81980200000004) [34, 56]
(140.81980200000004, 141.23774575000004) [46]
(141.23774575000004, 141.66159425000004) [49]
(141.23774575000004, 142.07379550000005) [70]
(141.23774575000004, 143.04224250000007) [80, 76, 73]
(141.66159425000004, 142.07379550000005) [52]
(142.07379550000005, 142.52303175000006) [68]
(143.04224250000007, 143.48485100000008) [39]
(143.04224250000007, 143.92745950000008) [73]
(143.04224250000007, 144.78226925000007) [82, 79]
(143.48485100000008, 143.92745950000008) [46]
(143.92745950000008, 144.37006800000006) [51, 70]
(144.37006800000006, 144.78226925000007) [55]
(144.78226925000007, 145.64370675000006) [73, 70, 61]
(145.64370675000006, 146.09294300000005) [32]
(146.09294300000005, 146.54217925000006) [39]
(146.54217925000006, 146.97835250000006) [44]
(146.54217925000006, 147.41452575000005) [60]
(146.54217925000006, 148.34593775000008) [66, 63]
(146.97835250000006, 147.41452575000005) [48]
(147.41452575000005, 147.82672700000006) [54]
(148.34593775000008, 148.78211100000007) [32]
(148.34593775000008, 149.21828425000007) [59]
(148.34593775000008, 150.06107175000005) [66, 63]
(148.78211100000007, 149.21828425000007) [39]
(149.21828425000007, 149.62489850000006) [44, 54]
(149.62489850000006, 150.06107175000005) [47]
(150.06107175000005, 150.94648125000006) [64, 63, 59]
(150.94648125000006, 151.40254700000006) [34]
(151.40254700000006, 151.85178325000007) [46]
(151.85178325000007, 152.28795650000006) [49]
(151.85178325000007, 152.72412975000006) [70]
(151.85178325000007, 153.65554175000008) [80, 73, 76]
(152.28795650000006, 152.72412975000006) [52]
(152.72412975000006, 153.13633100000007) [68]
(153.65554175000008, 154.09171500000008) [31]
(153.65554175000008, 154.52788825000007) [70]
(153.65554175000008, 155.37067575000006) [76, 73]
(154.09171500000008, 154.52788825000007) [43]
(154.52788825000007, 154.93450250000006) [46, 64]
(154.93450250000006, 155.37067575000006) [51]
(155.37067575000006, 156.25608525000007) [75, 73, 70]
(156.25608525000007, 156.70532150000005) [32]
(156.70532150000005, 157.15455775000007) [39]
(157.15455775000007, 157.59073100000006) [44]
(157.15455775000007, 158.02690425000006) [59]
(157.15455775000007, 158.95831625000008) [62]
(157.59073100000006, 158.02690425000006) [47]
(158.02690425000006, 158.95831625000008) [53]
(158.95831625000008, 159.39448950000008) [30]
(158.95831625000008, 159.83066275000007) [58]
(158.95831625000008, 160.67345025000006) [63]
(159.39448950000008, 159.83066275000007) [39]
(159.83066275000007, 160.23727700000006) [42]
(159.83066275000007, 160.67345025000006) [51]
(160.23727700000006, 160.67345025000006) [46]
(160.67345025000006, 161.55885975000007) [58, 54]
(161.55885975000007, 164.19924475000008) [68, 50, 46, 62, 70, 58, 56]
(162.45733225000006, 163.30502925000008) [54, 66]
(163.30502925000008, 164.19924475000008) [53, 65]
(164.19924475000008, 165.89463875000007) [56, 68]
(164.19924475000008, 166.7815932500001) [63, 51, 70, 58, 46]
(165.89463875000007, 166.7815932500001) [54, 66]
(166.7815932500001, 167.2308295000001) [32]
(167.2308295000001, 167.6800657500001) [44]
(167.6800657500001, 168.1162390000001) [47]
(167.6800657500001, 168.5524122500001) [68]
(167.6800657500001, 169.4838242500001) [76, 71]
(168.1162390000001, 168.5524122500001) [52]
(168.5524122500001, 169.4838242500001) [64]
(169.4838242500001, 169.9199975000001) [34]
(169.4838242500001, 170.3561707500001) [66]
(169.4838242500001, 171.1989582500001) [75, 70]
(169.9199975000001, 170.3561707500001) [42]
(170.3561707500001, 170.7627850000001) [46]
(170.3561707500001, 171.1989582500001) [63]
(170.7627850000001, 171.1989582500001) [51]
(171.1989582500001, 172.0843677500001) [70, 66]
(172.0843677500001, 173.8813127500001) [44]
(172.0843677500001, 174.7797852500001) [56, 46, 50, 58]
(173.8813127500001, 175.67825775000009) [42]
(174.7797852500001, 177.47520275000008) [46, 50, 56, 58]
(175.67825775000009, 177.47520275000008) [41]
(177.47520275000008, 179.27214775000007) [49, 61]
(177.47520275000008, 180.1706202500001) [63, 55, 51, 39]
(179.27214775000007, 181.0690927500001) [47, 59]
(180.1706202500001, 182.8660377500001) [63, 51, 55, 39]
(181.0690927500001, 181.63063806250008) [46, 58]
(182.64141962500008, 182.8660377500001) [39]
(182.7537286875001, 184.2651597500001) [46]
(182.8660377500001, 184.2651597500001) [75, 67, 63, 55]
(183.5908507500001, 184.2651597500001) [74, 62]
(184.2651597500001, 184.9394687500001) [72, 79, 60, 87, 75, 63]
(184.9394687500001, 186.2880867500001) [70, 79, 58, 87, 75, 63]
(186.2880867500001, 186.6252412500001) [68, 56, 63]
(186.2880867500001, 186.9623957500001) [39, 46]
(186.6252412500001, 186.9623957500001) [67, 55]
(186.9623957500001, 187.6522097500001) [53, 39, 46, 65]
(186.9623957500001, 188.3420237500001) [55]
(187.6522097500001, 188.3420237500001) [51, 63]
(188.3420237500001, 189.0829472500001) [67, 79, 55, 87, 75, 63]
(189.0829472500001, 190.5647942500001) [70, 79, 58, 87, 75, 63]
(190.5647942500001, 190.9019487500001) [72, 60]
(190.5647942500001, 191.2916602500001) [51, 43]
(190.9019487500001, 191.2916602500001) [74, 62]
(191.2916602500001, 191.9659692500001) [75, 70, 63]
(191.2916602500001, 192.64027825000008) [51, 43]
(191.9659692500001, 192.64027825000008) [74, 62]
(192.64027825000008, 193.32225125000008) [72, 79, 60, 87, 75, 63]
(193.32225125000008, 194.68619725000008) [70, 79, 58, 87, 75, 63]
(194.68619725000008, 195.03511550000007) [68, 56, 63]
(194.68619725000008, 195.38403375000007) [46, 34]
(195.03511550000007, 195.38403375000007) [67, 55]
(195.38403375000007, 196.05834275000007) [70]
(195.38403375000007, 196.74531350000007) [51, 55, 58, 46]
(196.05834275000007, 196.74531350000007) [63]
(196.58044212500005, 196.74531350000007) [67]
(196.74531350000007, 197.48623700000007) [46, 65, 56, 62, 34]
(197.48623700000007, 198.55792100000008) [63]
(197.48623700000007, 198.8989075000001) [46, 39, 55]
(198.55792100000008, 198.8989075000001) [67]
(198.8989075000001, 199.2286502500001) [70]
(198.8989075000001, 199.5901832500001) [39, 67]
(199.2286502500001, 199.5901832500001) [79]
(199.5901832500001, 200.2721562500001) [77]
(199.5901832500001, 200.9541292500001) [60, 80, 68, 51]
(200.2721562500001, 200.9541292500001) [72]
(200.9541292500001, 201.6771952500001) [56, 77, 74, 65, 51]
(201.6771952500001, 203.1027807500001) [79, 70, 67, 58, 51]
(202.7617942500001, 203.1027807500001) [75]
(203.1027807500001, 203.4437672500001) [79]
(203.1027807500001, 203.7847537500001) [39, 82, 70]
(203.4437672500001, 203.7847537500001) [75]
(203.7847537500001, 204.11449650000012) [77]
(203.7847537500001, 205.1185482500001) [60, 80, 68, 51]
(204.11449650000012, 204.4442392500001) [75]
(204.4442392500001, 204.7813937500001) [77]
(204.7813937500001, 205.1185482500001) [72]
(205.1185482500001, 205.4800812500001) [75]
(205.1185482500001, 205.84161425000008) [56, 65, 77, 51]
(205.4800812500001, 205.84161425000008) [74]
(205.84161425000008, 206.2031472500001) [75]
(205.84161425000008, 207.2625167500001) [58, 67, 79, 51]
(206.2031472500001, 206.5646802500001) [74]
(206.5646802500001, 206.9135985000001) [75]
(206.9135985000001, 207.2625167500001) [70]
(207.2625167500001, 207.6035032500001) [72]
(207.2625167500001, 207.9444897500001) [51, 75, 67, 39]
(207.6035032500001, 207.9444897500001) [70]
(207.9444897500001, 208.2854762500001) [74]
(207.9444897500001, 208.6264627500001) [46, 58]
(207.9444897500001, 209.3084357500001) [77, 65]
(208.2854762500001, 208.6264627500001) [72]
(208.6264627500001, 208.9674492500001) [74]
(208.6264627500001, 209.3084357500001) [45, 57]
(208.9674492500001, 209.3084357500001) [70]
(209.3084357500001, 209.66566375000008) [72]
(209.3084357500001, 210.0228917500001) [43, 46, 75, 63, 55]
(209.66566375000008, 210.0228917500001) [70]
(210.0228917500001, 210.3801197500001) [74]
(210.0228917500001, 211.47538300000008) [41, 46, 65, 77, 53]
(210.3801197500001, 210.73734775000008) [72]
(210.73734775000008, 211.09457575000008) [74]
(211.09457575000008, 211.47538300000008) [70]
(211.47538300000008, 211.82511475000007) [39, 69, 51]
(211.47538300000008, 212.22099750000007) [81, 77]
(211.82511475000007, 212.22099750000007) [50, 70, 38]
(212.22099750000007, 212.56590450000007) [70]
(212.22099750000007, 212.91081150000008) [75, 79]
(212.22099750000007, 213.60062550000006) [41, 53]
(212.56590450000007, 212.91081150000008) [67]
(212.91081150000008, 213.25571850000006) [69]
(212.91081150000008, 213.60062550000006) [74, 77]
(213.25571850000006, 213.60062550000006) [67]
(213.60062550000006, 213.94954375000006) [75, 72, 67]
(213.60062550000006, 214.34438450000005) [34, 46]
(213.94954375000006, 214.34438450000005) [74, 70, 65]
(214.34438450000005, 214.69740875000005) [63]
(214.34438450000005, 215.05043300000006) [72]
(214.34438450000005, 215.82985600000006) [68, 34, 46]
(214.69740875000005, 215.05043300000006) [60]
(215.05043300000006, 215.44014450000006) [62]
(215.05043300000006, 215.82985600000006) [70, 67]
(215.44014450000006, 215.82985600000006) [58]
(215.82985600000006, 216.28592175000006) [60, 68, 63]
(215.82985600000006, 216.56483587500006) [46]
(215.82985600000006, 216.84375000000006) [70]
(216.28592175000006, 216.56483587500006) [56]
(216.28592175000006, 216.84375000000006) [65, 62]
(216.56483587500006, 218.21752250000006) [39]
(216.84375000000006, 218.21752250000006) [75, 63, 55]
(217.54321350000006, 218.21752250000006) [74]
(218.21752250000006, 218.89183150000005) [55, 72, 63, 75, 51]
(218.89183150000005, 220.24044950000007) [55, 70, 63, 75, 51]
(220.24044950000007, 220.57760400000006) [68]
(220.24044950000007, 220.91475850000006) [39, 75, 63]
(220.57760400000006, 220.91475850000006) [67]
(220.91475850000006, 221.60457250000007) [65]
(220.91475850000006, 222.29438650000006) [55, 51, 75]
(221.60457250000007, 222.29438650000006) [63]
(222.29438650000006, 223.03531000000007) [55, 75, 67, 51]
(223.03531000000007, 224.51715700000005) [55, 70, 63, 75, 51]
(224.51715700000005, 224.85431150000005) [72]
(224.51715700000005, 225.24402300000006) [36, 75, 63]
(224.85431150000005, 225.24402300000006) [74]
(225.24402300000006, 226.59264100000004) [48, 63, 75, 55]
(225.91833200000005, 226.59264100000004) [74]
(226.59264100000004, 227.27461400000004) [55, 72, 63, 75, 48]
(227.27461400000004, 228.63856000000004) [55, 70, 63, 75, 48]
(228.63856000000004, 228.98747825000004) [69]
(228.63856000000004, 229.33639650000003) [38, 75, 63]
(228.98747825000004, 229.33639650000003) [67]
(229.33639650000003, 230.01070550000003) [69]
(229.33639650000003, 230.69767625000003) [60, 50, 63, 75, 54]
(230.01070550000003, 230.69767625000003) [70]
(230.69767625000003, 231.43859975000004) [57, 74, 72, 62, 54, 50]
(231.43859975000004, 232.51028375000004) [62, 70]
(231.43859975000004, 232.85127025000006) [74, 58, 46]
(232.51028375000004, 232.85127025000006) [74]
(232.85127025000006, 233.18101300000006) [72]
(232.85127025000006, 233.36177950000007) [58, 68, 62]
(232.85127025000006, 233.54254600000007) [82]
(233.18101300000006, 233.54254600000007) [70]
(233.36177950000007, 234.69357775000006) [51]
(233.45216275000007, 234.69357775000006) [58]
(233.54254600000007, 234.52500050000006) [87]
(233.54254600000007, 234.69357775000006) [67]
(233.54254600000007, 234.86215500000006) [75]
(234.52500050000006, 234.86215500000006) [86]
(234.69357775000006, 235.35139162500005) [51]
(234.77786637500006, 235.35139162500005) [58]
(234.86215500000006, 235.18831275000005) [87]
(234.86215500000006, 235.35139162500005) [67]
(234.86215500000006, 235.84062825000007) [75]
(235.18831275000005, 235.51447050000004) [84]
(235.35139162500005, 236.81910150000004) [51]
(235.43293106250005, 236.81910150000004) [58]
(235.51447050000004, 235.84062825000007) [87]
(235.51447050000004, 236.81910150000004) [67]
(235.84062825000007, 236.16678600000006) [74]
(235.84062825000007, 236.49294375000005) [82]
(236.16678600000006, 236.49294375000005) [75]
(236.49294375000005, 236.81910150000004) [72]
(236.49294375000005, 237.14525925000007) [80]
(236.81910150000004, 237.14525925000007) [75]
(236.81910150000004, 237.47141700000006) [58, 51]
(237.14525925000007, 237.47141700000006) [79]
(237.14525925000007, 237.79406700000007) [70]
(237.47141700000006, 237.79406700000007) [77]
(237.47141700000006, 238.60419975000005) [51, 58]
(237.79406700000007, 238.11671700000005) [74]
(237.79406700000007, 238.44287475000004) [68]
(238.11671700000005, 238.44287475000004) [75]
(238.44287475000004, 238.76552475000005) [67, 79]
(238.60419975000005, 239.24949975000004) [51]
(238.68486225000004, 239.24949975000004) [56]
(238.76552475000005, 239.08817475000004) [65]
(238.76552475000005, 240.41521725000004) [82]
(239.08817475000004, 239.41082475000005) [62]
(239.24949975000004, 240.76012425000005) [51]
(239.33016225000006, 240.76012425000005) [55]
(239.41082475000005, 239.74056750000005) [63]
(239.74056750000005, 240.07031025000003) [67]
(240.07031025000003, 240.76012425000005) [70]
(240.41521725000004, 240.76012425000005) [72]
(240.76012425000005, 241.11735225000004) [74]
(240.76012425000005, 241.52842375000003) [43]
(240.76012425000005, 242.92409675000002) [51, 55]
(241.11735225000004, 241.52842375000003) [77]
(241.52842375000003, 242.92409675000002) [63, 45, 75]
(242.22626025000002, 242.92409675000002) [74]
(242.92409675000002, 243.63855275000003) [72, 63, 75]
(242.92409675000002, 244.35300875000001) [46, 55, 51]
(243.63855275000003, 245.06746475000003) [70]
(244.35300875000001, 245.83689275000003) [75, 48, 63, 55, 51]
(245.06746475000003, 245.45217875000003) [68]
(245.45217875000003, 245.83689275000003) [67]
(245.83689275000003, 246.55995875000002) [70]
(245.83689275000003, 247.36996125000002) [55, 46, 75]
(246.55995875000002, 247.36996125000002) [63]
(247.36996125000002, 247.78674375000003) [67]
(247.36996125000002, 249.70395525) [56, 46, 74]
(247.78674375000003, 249.70395525) [65]
(249.70395525, 252.77635275) [44]
(249.81112875000002, 252.77635275) [51]
(249.91830225, 250.87098575000002) [72]
(249.91830225, 252.77635275) [60, 63, 75]
(250.87098575000002, 252.77635275) [70]
(252.77635275, 253.79364675) [69]
(252.77635275, 255.82823475) [51, 63, 75, 48]
(253.79364675, 255.82823475) [68]
(255.82823475, 256.90004625) [67, 63]
(255.82823475, 259.04366925) [75, 46, 55]
(256.90004625, 257.97185775) [70]
(257.97185775, 259.04366925) [63]
(259.04366925, 259.62081424999997) [67]
(259.04366925, 263.78367825) [74, 46, 56]
(259.62081424999997, 263.14510875) [65]
(263.14510875, 263.78367825) [63]
(263.78367825, 266.33795625) [55, 63, 75, 51]
(267.61509525, 270.16937325) [39, 58, 46, 55, 27]
(271.44651225, 275.27792925) [63, 75, 79, 67, 55, 51]
