(0.0, 0.06637162499999999) [61]
(0.06637162499999999, 0.13274324999999998) [64]
(0.13274324999999998, 1.0619459999999998) [57, 45, 69]
(1.0619459999999998, 1.538136) [52, 40, 64]
(1.538136, 1.78607) [73]
(1.538136, 2.018628) [61, 49]
(1.78607, 1.902349) [74]
(1.902349, 2.018628) [71]
(2.018628, 2.258628) [57, 45, 69]
(2.978628, 3.218628) [73]
(3.218628, 3.338628) [74]
(3.338628, 3.458628) [71]
(3.458628, 3.9507290000000004) [69]
(3.9507290000000004, 4.186949500000001) [66, 57, 85]
(4.432851000000001, 4.905292000000001) [69, 59, 75]
(4.905292000000001, 5.377733000000001) [68, 64]
(4.905292000000001, 5.613953500000001) [76]
(5.613953500000001, 5.830488958333334) [77]
(5.850174000000001, 6.082732000000001) [80]
(6.082732000000001, 6.318952500000001) [78]
(6.318952500000001, 6.5497215) [76]
(6.5497215, 6.7840965) [74]
(6.7840965, 7.0148655) [73]
(7.0148655, 7.260767) [71]
(7.260767, 7.4969875) [52, 69]
(7.4969875, 7.733208) [62, 68]
(7.733208, 7.9604805) [59, 76]
(7.9604805, 8.1912495) [62, 74]
(8.1912495, 8.42747) [59]
(8.42747, 8.6636905) [62]
(8.6636905, 8.899911) [52, 71]
(8.899911, 9.1361315) [61, 69]
(9.1361315, 9.363404) [57, 78]
(9.363404, 9.595961999999998) [61, 76]
(9.595961999999998, 9.82852) [57]
(9.82852, 10.0647405) [61]
(10.0647405, 10.2991155) [50, 73]
(10.2991155, 10.526387999999999) [59, 71]
(10.526387999999999, 10.755395499999999) [54, 79]
(10.755395499999999, 10.989770499999999) [59, 78]
(10.989770499999999, 11.224145499999999) [54]
(11.224145499999999, 11.458520499999999) [59]
(11.458520499999999, 11.927270499999999) [50, 66]
(11.927270499999999, 12.154542999999999) [76]
(12.154542999999999, 12.385311999999999) [74]
(12.385311999999999, 12.614319499999999) [73]
(12.614319499999999, 12.852414499999998) [71]
(12.852414499999998, 13.086789499999998) [69]
(12.852414499999998, 13.321164499999998) [62, 52]
(13.086789499999998, 13.321164499999998) [68]
(13.321164499999998, 13.797354499999999) [61, 57, 69]
(14.094973249999999, 14.154497) [71]
(14.154497, 14.214020749999998) [76]
(14.214020749999998, 14.273544499999998) [80]
(14.273544499999998, 14.507919499999998) [52]
(14.273544499999998, 15.679794499999998) [83]
(14.507919499999998, 14.742294499999998) [56]
(14.742294499999998, 14.976669499999998) [59]
(14.976669499999998, 15.211044499999998) [56]
(15.211044499999998, 15.445419499999998) [54]
(15.445419499999998, 15.679794499999998) [52]
(15.679794499999998, 15.795178999999997) [83]
(15.679794499999998, 15.910563499999999) [51]
(15.795178999999997, 15.910563499999999) [81]
(15.910563499999999, 16.025948) [80]
(15.910563499999999, 16.141332499999997) [52]
(16.025948, 16.1336402) [78]
(16.141332499999997, 16.256717) [78]
(16.141332499999997, 16.3721015) [54]
(16.256717, 16.3721015) [76]
(16.3721015, 16.487485999999997) [75]
(16.3721015, 16.602870499999998) [47]
(16.487485999999997, 16.602870499999998) [73]
(16.602870499999998, 16.720057999999998) [71]
(16.602870499999998, 16.837245499999998) [49]
(16.720057999999998, 16.837245499999998) [69]
(16.837245499999998, 16.956293) [68]
(16.837245499999998, 17.0753405) [51]
(16.956293, 17.0753405) [69]
(17.0753405, 17.191619499999998) [68]
(17.0753405, 17.3078985) [52]
(17.191619499999998, 17.3078985) [71]
(17.3078985, 17.4241775) [76]
(17.3078985, 17.540456499999998) [56]
(17.4241775, 17.540456499999998) [80]
(17.540456499999998, 17.767729) [59]
(17.540456499999998, 18.456539499999998) [83]
(17.767729, 17.995001499999997) [56]
(17.995001499999997, 18.225770499999996) [54]
(18.225770499999996, 18.456539499999998) [52]
(18.456539499999998, 18.571923999999996) [83]
(18.456539499999998, 18.687308499999997) [51]
(18.571923999999996, 18.687308499999997) [81]
(18.687308499999997, 18.802692999999998) [80]
(18.687308499999997, 18.918077499999995) [52]
(18.802692999999998, 18.913269812499998) [78]
(18.918077499999995, 19.033461999999997) [78]
(18.918077499999995, 19.148846499999998) [54]
(19.033461999999997, 19.148846499999998) [76]
(19.148846499999998, 19.264230999999995) [75]
(19.148846499999998, 19.379615499999996) [47]
(19.264230999999995, 19.379615499999996) [73]
(19.379615499999996, 19.496802999999996) [71]
(19.379615499999996, 19.613990499999996) [49]
(19.496802999999996, 19.613990499999996) [69]
(19.613990499999996, 19.733037999999997) [68]
(19.613990499999996, 19.852085499999998) [51]
(19.733037999999997, 19.852085499999998) [69]
(19.852085499999998, 19.968364499999996) [68]
(19.852085499999998, 20.313651) [52]
(19.968364499999996, 20.0846435) [71]
(20.0846435, 20.19914725) [69]
(20.19914725, 20.313651) [68]
(20.306971614583333, 20.42065846875) [69]
(20.42728725, 20.5409235) [71]
(20.5409235, 20.65455975) [73]
(20.65455975, 20.768196) [75]
(20.768196, 20.8835805) [76]
(20.8835805, 20.998965) [78]
(20.998965, 21.1143495) [80]
(21.1143495, 21.229092975) [81]
(21.229092975, 21.342729225) [83]
(21.342729225, 21.4555397) [85]
(21.4555397, 21.567676358333333) [87]
(21.567676358333333, 21.679146699999997) [88]
(21.679146699999997, 21.790257699999998) [87]
(21.790257699999998, 21.9013687) [85]
(21.9013687, 22.012479699999997) [83]
(22.012479699999997, 22.122995966666664) [81]
(22.122995966666664, 22.233401699999998) [80]
(22.233401699999998, 22.345622949999996) [78]
(22.345622949999996, 22.459869099999995) [76]
(22.459869099999995, 22.575253599999996) [75]
(22.575253599999996, 22.807811599999997) [73]
(22.575253599999996, 23.040369599999995) [66, 57]
(22.924090599999996, 23.040369599999995) [85]
(23.040369599999995, 23.470327599999994) [76]
(23.040369599999995, 23.543143099999995) [68]
(23.040369599999995, 24.083684099999996) [59]
(23.470327599999994, 23.543143099999995) [80]
(23.543143099999995, 24.083684099999996) [69, 75, 78]
(24.083684099999996, 24.624225099999993) [68, 76, 64]
(24.59494579583333, 25.135486795833327) [52]
(25.705307099999995, 25.771678724999994) [61]
(25.771678724999994, 25.838050349999996) [64]
(25.838050349999996, 26.767253099999994) [57, 45, 69]
(26.767253099999994, 27.243443099999993) [52, 40, 64]
(27.243443099999993, 27.491377099999994) [73]
(27.243443099999993, 27.723935099999995) [61, 49]
(27.491377099999994, 27.607656099999993) [74]
(27.607656099999993, 27.723935099999995) [71]
(27.723935099999995, 27.963935099999993) [57, 45, 69]
(28.683935099999996, 28.923935099999994) [73]
(28.923935099999994, 29.043935099999995) [74]
(29.043935099999995, 29.163935099999996) [71]
(29.163935099999996, 29.656036099999994) [69]
(29.656036099999994, 29.892256599999996) [66, 57, 85]
(30.138158099999995, 30.610599099999995) [69, 59, 75]
(30.610599099999995, 31.083040099999995) [68, 64]
(30.610599099999995, 31.319260599999996) [76]
(31.319260599999996, 31.53579605833333) [77]
(31.555481099999994, 31.786250099999993) [80]
(31.786250099999993, 32.02247059999999) [78]
(32.02247059999999, 32.25502859999999) [76]
(32.25502859999999, 32.49124909999999) [74]
(32.49124909999999, 32.72562409999999) [73]
(32.72562409999999, 32.97152559999999) [71]
(32.97152559999999, 33.207746099999994) [52, 69]
(33.207746099999994, 33.443966599999996) [62, 68]
(33.443966599999996, 33.671239099999994) [59, 76]
(33.671239099999994, 33.902008099999996) [62, 74]
(33.902008099999996, 34.1382286) [59]
(34.1382286, 34.3744491) [62]
(34.3744491, 34.610669599999994) [52, 71]
(34.610669599999994, 34.846890099999996) [61, 69]
(34.846890099999996, 35.074162599999994) [57, 78]
(35.074162599999994, 35.30672059999999) [61, 76]
(35.30672059999999, 35.539278599999996) [57]
(35.539278599999996, 35.7754991) [61]
(35.7754991, 36.0098741) [50, 73]
(36.0098741, 36.2388816) [59, 71]
(36.2388816, 36.4678891) [54, 79]
(36.4678891, 36.7022641) [59, 78]
(36.7022641, 36.9366391) [54]
(36.9366391, 37.1710141) [59]
(37.1710141, 37.6397641) [50, 66]
(37.6397641, 37.8670366) [76]
(37.8670366, 38.0978056) [74]
(38.0978056, 38.3250781) [73]
(38.3250781, 38.5631731) [71]
(38.5631731, 38.7975481) [69]
(38.5631731, 39.0319231) [62, 52]
(38.7975481, 39.0319231) [68]
(39.0319231, 39.5081131) [61, 57, 69]
(39.80573185, 39.8652556) [71]
(39.8652556, 39.92477935) [76]
(39.92477935, 39.9843031) [80]
(39.9843031, 40.2186781) [52]
(39.9843031, 41.3905531) [83]
(40.2186781, 40.4530531) [56]
(40.4530531, 40.6874281) [59]
(40.6874281, 40.9218031) [56]
(40.9218031, 41.1561781) [54]
(41.1561781, 41.3905531) [52]
(41.3905531, 41.505937599999996) [83]
(41.3905531, 41.6213221) [51]
(41.505937599999996, 41.6213221) [81]
(41.6213221, 41.7367066) [80]
(41.6213221, 41.852091099999996) [52]
(41.7367066, 41.852091099999996) [78]
(41.852091099999996, 41.96362945) [78]
(41.852091099999996, 42.0828601) [54]
(41.9674756, 42.0828601) [76]
(42.0828601, 42.198244599999995) [75]
(42.0828601, 42.3136291) [47]
(42.198244599999995, 42.3136291) [73]
(42.3136291, 42.4308166) [71]
(42.3136291, 42.5480041) [49]
(42.4308166, 42.5480041) [69]
(42.5480041, 42.6670516) [68]
(42.5480041, 42.7860991) [51]
(42.6670516, 42.7860991) [69]
(42.7860991, 42.9023781) [68]
(42.7860991, 43.0186571) [52]
(42.9023781, 43.0186571) [71]
(43.0186571, 43.134936100000004) [76]
(43.0186571, 43.2512151) [56]
(43.134936100000004, 43.2512151) [80]
(43.2512151, 43.4784876) [59]
(43.2512151, 44.167298100000004) [83]
(43.4784876, 43.705760100000006) [56]
(43.705760100000006, 43.93652910000001) [54]
(43.93652910000001, 44.167298100000004) [52]
(44.167298100000004, 44.28268260000001) [83]
(44.167298100000004, 44.398067100000006) [51]
(44.28268260000001, 44.398067100000006) [81]
(44.398067100000006, 44.5134516) [80]
(44.398067100000006, 44.62883610000001) [52]
(44.5134516, 44.62498995000001) [78]
(44.62883610000001, 44.744220600000006) [78]
(44.62883610000001, 44.8596051) [54]
(44.744220600000006, 44.8596051) [76]
(44.8596051, 44.97498960000001) [75]
(44.8596051, 45.090374100000005) [47]
(44.97498960000001, 45.090374100000005) [73]
(45.090374100000005, 45.207561600000005) [71]
(45.090374100000005, 45.324749100000005) [49]
(45.207561600000005, 45.324749100000005) [69]
(45.324749100000005, 45.443796600000006) [68]
(45.324749100000005, 45.56284410000001) [51]
(45.443796600000006, 45.56284410000001) [69]
(45.56284410000001, 45.679123100000005) [68]
(45.56284410000001, 46.02796010000001) [52]
(45.679123100000005, 45.795402100000004) [71]
(45.795402100000004, 45.91168110000001) [69]
(45.91168110000001, 46.02796010000001) [68]
(46.02117715833334, 46.13496756875001) [69]
(46.14159635000001, 46.25523260000001) [71]
(46.25523260000001, 46.368868850000005) [73]
(46.368868850000005, 46.48250510000001) [75]
(46.48250510000001, 46.59788960000001) [76]
(46.59788960000001, 46.713274100000014) [78]
(46.713274100000014, 46.82865860000001) [80]
(46.82865860000001, 46.94340207500001) [81]
(46.94340207500001, 47.05703832500001) [83]
(47.05703832500001, 47.16984880000001) [85]
(47.16984880000001, 47.281985458333345) [87]
(47.281985458333345, 47.39345580000001) [88]
(47.39345580000001, 47.50456680000001) [87]
(47.50456680000001, 47.61567780000001) [85]
(47.61567780000001, 47.72678880000001) [83]
(47.72678880000001, 47.83730506666667) [81]
(47.83730506666667, 47.94771080000001) [80]
(47.94771080000001, 48.059932050000015) [78]
(48.059932050000015, 48.174178200000014) [76]
(48.174178200000014, 48.28956270000002) [75]
(48.28956270000002, 48.522120700000016) [73]
(48.28956270000002, 48.75467870000002) [66, 57]
(48.63839970000002, 48.75467870000002) [85]
(48.75467870000002, 49.18463670000002) [76]
(48.75467870000002, 49.257452200000024) [68]
(48.75467870000002, 49.79799320000002) [59]
(49.18463670000002, 49.257452200000024) [80]
(49.257452200000024, 49.79799320000002) [69, 75, 78]
(49.79799320000002, 50.338534200000026) [68, 76, 64]
(50.309254895833355, 50.84979589583336) [52]
(51.352048575000026, 51.47913995000002) [64]
(51.41961620000002, 51.83628245000002) [76]
(51.83628245000002, 51.95532995000002) [66]
(51.895806200000024, 52.31247245000002) [78]
(52.31247245000002, 52.43151995000002) [67]
(52.37199620000002, 52.85202670000002) [79]
(52.85202670000002, 53.09012170000002) [54]
(52.85202670000002, 53.32821670000002) [71]
(53.09012170000002, 53.32821670000002) [61]
(53.32821670000002, 53.56077470000002) [66]
(53.32821670000002, 53.79333270000002) [70]
(53.56077470000002, 53.79333270000002) [64]
(53.79333270000002, 54.02770770000002) [62]
(54.02770770000002, 54.26964320000002) [61]
(54.14867545000002, 54.26964320000002) [70]
(54.26964320000002, 54.50586370000002) [54]
(54.26964320000002, 54.74208420000002) [73]
(54.50586370000002, 54.74208420000002) [62]
(54.74208420000002, 54.972853200000024) [66]
(54.74208420000002, 55.20362220000002) [71]
(54.972853200000024, 55.20362220000002) [62]
(55.20362220000002, 55.43984270000002) [61]
(55.43984270000002, 55.67606320000002) [59]
(55.55795295000002, 55.67606320000002) [71]
(55.67606320000002, 55.906832200000025) [54]
(55.67606320000002, 56.141207200000025) [74]
(55.906832200000025, 56.141207200000025) [58]
(56.141207200000025, 56.375582200000025) [64]
(56.141207200000025, 56.609957200000025) [73]
(56.375582200000025, 56.609957200000025) [61]
(56.609957200000025, 56.844332200000025) [59]
(56.844332200000025, 57.078707200000025) [58]
(56.961519700000025, 57.078707200000025) [73]
(57.078707200000025, 57.30947620000003) [76]
(57.078707200000025, 57.54757120000003) [59]
(57.30947620000003, 57.54757120000003) [74]
(57.54757120000003, 57.77484370000003) [77]
(57.77484370000003, 58.01106420000003) [76]
(58.01106420000003, 58.243622200000026) [79]
(58.243622200000026, 58.47984270000003) [77]
(58.47984270000003, 58.71606320000003) [52]
(58.47984270000003, 58.952283700000024) [69]
(58.71606320000003, 58.952283700000024) [59]
(58.952283700000024, 59.18484170000002) [64]
(58.952283700000024, 59.417399700000026) [68]
(59.18484170000002, 59.417399700000026) [62]
(59.417399700000026, 59.651774700000026) [60]
(59.651774700000026, 59.89371020000002) [59]
(59.772742450000024, 59.89371020000002) [68]
(59.89371020000002, 60.129930700000024) [52]
(59.89371020000002, 60.366151200000026) [71]
(60.129930700000024, 60.366151200000026) [60]
(60.366151200000026, 60.59692020000003) [64]
(60.366151200000026, 60.82768920000002) [69]
(60.59692020000003, 60.82768920000002) [60]
(60.82768920000002, 61.063909700000025) [59]
(61.063909700000025, 61.30013020000003) [57]
(61.182019950000026, 61.30013020000003) [69]
(61.30013020000003, 61.532688200000024) [52]
(61.30013020000003, 61.768908700000026) [72]
(61.532688200000024, 61.768908700000026) [56]
(61.768908700000026, 62.00512920000003) [62]
(61.768908700000026, 62.24134970000002) [71]
(62.00512920000003, 62.24134970000002) [59]
(62.24134970000002, 62.477570200000024) [57]
(62.477570200000024, 62.713790700000025) [56]
(62.595680450000025, 62.713790700000025) [71]
(62.713790700000025, 62.94455970000003) [74]
(62.713790700000025, 63.64964420000003) [57]
(62.94455970000003, 63.18265470000003) [72]
(63.18265470000003, 63.41342370000003) [71]
(63.41342370000003, 63.64964420000003) [69]
(63.64964420000003, 63.824062700000034) [81]
(63.64964420000003, 64.11842270000002) [55, 43]
(63.88220220000003, 64.05936757500002) [81]
(64.11842270000002, 64.35464320000003) [83]
(64.11842270000002, 65.05597970000002) [53, 41]
(64.35464320000003, 64.59086370000003) [81]
(64.59086370000003, 64.82342170000003) [79]
(64.82342170000003, 65.05597970000002) [77]
(65.05597970000002, 65.29220020000002) [76]
(65.29220020000002, 65.54220020000002) [75]
(65.54220020000002, 65.77657520000002) [57]
(65.54220020000002, 66.47970020000002) [84]
(65.54220020000002, 66.96750520000002) [53]
(65.77657520000002, 66.01095020000002) [56]
(66.01095020000002, 66.24532520000002) [57]
(66.24532520000002, 66.47970020000002) [60]
(66.47970020000002, 66.72360270000003) [59]
(66.47970020000002, 66.96750520000002) [75]
(66.72360270000003, 66.96750520000002) [57]
(66.96750520000002, 67.43625520000002) [56, 52]
(66.96750520000002, 67.67063020000002) [76]
(67.67063020000002, 67.79159795000002) [78]
(67.79159795000002, 67.88232376250002) [76]
(67.91256570000002, 68.03353345000002) [76]
(68.03353345000002, 68.15450120000001) [74]
(68.15450120000001, 68.27546895000002) [73]
(68.27546895000002, 68.40590370000002) [71]
(68.40590370000002, 68.47227532500003) [61]
(68.47227532500003, 68.53864695000003) [64]
(68.53864695000003, 69.46784970000003) [57, 45, 69]
(69.46784970000003, 69.94403970000003) [52, 40, 64]
(69.94403970000003, 70.19197370000003) [73]
(69.94403970000003, 70.42453170000003) [61, 49]
(70.19197370000003, 70.30825270000004) [74]
(70.30825270000004, 70.42453170000003) [71]
(70.42453170000003, 70.66453170000003) [57, 45, 69]
(71.38453170000003, 71.62453170000003) [73]
(71.62453170000003, 71.74453170000002) [74]
(71.74453170000002, 71.86453170000003) [71]
(71.86453170000003, 72.35663270000003) [69]
(72.35663270000003, 72.59285320000004) [66, 57, 85]
(72.83875470000004, 73.31119570000004) [69, 59, 75]
(73.31119570000004, 73.78363670000005) [68, 64]
(73.31119570000004, 74.01985720000003) [76]
(74.01985720000003, 74.23639265833337) [77]
(74.25607770000003, 74.48508520000003) [80]
(74.48508520000003, 74.72130570000003) [78]
(74.72130570000003, 74.95207470000003) [76]
(74.95207470000003, 75.18829520000003) [74]
(75.18829520000003, 75.42085320000002) [73]
(75.42085320000002, 75.66675470000003) [71]
(75.66675470000003, 75.90297520000003) [52, 69]
(75.90297520000003, 76.13374420000002) [62, 68]
(76.13374420000002, 76.36101670000002) [59, 76]
(76.36101670000002, 76.59178570000002) [62, 74]
(76.59178570000002, 76.82800620000002) [59]
(76.82800620000002, 77.06422670000002) [62]
(77.06422670000002, 77.30044720000002) [52, 71]
(77.30044720000002, 77.53300520000002) [61, 69]
(77.53300520000002, 77.76027770000002) [57, 78]
(77.76027770000002, 77.99283570000001) [61, 76]
(77.99283570000001, 78.22539370000001) [57]
(78.22539370000001, 78.46161420000001) [61]
(78.46161420000001, 78.69598920000001) [52, 71]
(78.69598920000001, 78.93989170000002) [61, 69]
(78.93989170000002, 79.16889920000001) [57, 81]
(79.16889920000001, 79.40327420000001) [61, 79]
(79.40327420000001, 79.63764920000001) [57]
(79.63764920000001, 79.87202420000001) [61]
(79.87202420000001, 80.10458220000001) [79]
(79.87202420000001, 80.34080270000001) [62, 57, 50]
(80.10458220000001, 80.34080270000001) [78]
(80.34080270000001, 80.57702320000001) [76]
(80.57702320000001, 80.81324370000002) [74]
(80.81324370000002, 81.04946420000002) [73]
(81.04946420000002, 81.29536570000002) [71]
(81.29536570000002, 81.41831645000002) [76]
(81.29536570000002, 81.65087445000002) [49]
(81.41831645000002, 81.45707611666668) [78]
(81.45707611666668, 81.49583578333335) [76]
(81.49583578333335, 81.53459545000003) [74]
(81.53459545000003, 81.65087445000002) [76]
(81.65087445000002, 81.78848920000001) [50, 78]
(81.78848920000001, 82.27629420000001) [61, 69]
(81.78848920000001, 82.75974357500002) [52]
(82.27629420000001, 82.75974357500002) [59, 68]
(82.64069607500001, 82.700219825) [69]
(82.700219825, 82.75974357500002) [73]
(82.75974357500002, 82.98875107500001) [57]
(82.75974357500002, 83.22312607500001) [76]
(82.98875107500001, 83.22312607500001) [61]
(83.22312607500001, 83.45750107500001) [64]
(83.22312607500001, 84.156992075) [76]
(83.45750107500001, 83.69187607500001) [61]
(83.69187607500001, 83.92443407500001) [59]
(83.92443407500001, 84.156992075) [57]
(84.156992075, 84.27237657500001) [76]
(84.156992075, 84.387761075) [56]
(84.27237657500001, 84.387761075) [74]
(84.387761075, 84.503145575) [73]
(84.387761075, 84.61853007500001) [57]
(84.503145575, 84.60795316250001) [71]
(84.61853007500001, 84.733914575) [71]
(84.61853007500001, 84.849299075) [59]
(84.733914575, 84.849299075) [69]
(84.849299075, 84.96468357500001) [68]
(84.849299075, 85.080068075) [52]
(84.96468357500001, 85.080068075) [66]
(85.080068075, 85.197255575) [64]
(85.080068075, 85.314443075) [54]
(85.197255575, 85.314443075) [62]
(85.314443075, 85.433490575) [61]
(85.314443075, 85.552538075) [56]
(85.433490575, 85.552538075) [62]
(85.552538075, 85.668817075) [61]
(85.552538075, 85.785096075) [57]
(85.668817075, 85.785096075) [64]
(85.785096075, 85.901375075) [69]
(85.785096075, 86.017654075) [61]
(85.901375075, 86.017654075) [73]
(86.017654075, 86.244926575) [64]
(86.017654075, 86.70296807499999) [76]
(86.244926575, 86.47219907499999) [61]
(86.47219907499999, 86.70296807499999) [59]
(86.70296807499999, 86.929890925) [88]
(86.70296807499999, 86.933737075) [57]
(86.933737075, 87.04912157499999) [88]
(86.933737075, 87.16450607499999) [56]
(87.04912157499999, 87.16450607499999) [86]
(87.16450607499999, 87.279890575) [85]
(87.16450607499999, 87.39527507499999) [57]
(87.279890575, 87.3904673875) [83]
(87.39527507499999, 87.51065957499999) [83]
(87.39527507499999, 87.626044075) [59]
(87.51065957499999, 87.626044075) [81]
(87.626044075, 87.74142857499999) [80]
(87.626044075, 87.85681307499999) [52]
(87.74142857499999, 87.85681307499999) [78]
(87.85681307499999, 87.97400057499999) [76]
(87.85681307499999, 88.09118807499999) [54]
(87.97400057499999, 88.09118807499999) [74]
(88.09118807499999, 88.21023557499998) [73]
(88.09118807499999, 88.32928307499999) [56]
(88.21023557499998, 88.32928307499999) [74]
(88.32928307499999, 88.445562075) [73]
(88.32928307499999, 88.79261007499998) [57]
(88.445562075, 88.56184107499999) [76]
(88.56184107499999, 88.677225575) [74]
(88.677225575, 88.79261007499998) [73]
(88.79261007499998, 88.90624632499998) [74]
(88.79261007499998, 89.24715507499998) [57, 54]
(88.90624632499998, 89.01988257499998) [76]
(89.01988257499998, 89.13351882499998) [78]
(89.13351882499998, 89.24715507499998) [80]
(89.24715507499998, 89.36253957499999) [81]
(89.24715507499998, 89.70805204999999) [57, 54, 50]
(89.36253957499999, 89.47792407499998) [83]
(89.47792407499998, 89.59330857499998) [85]
(89.59330857499998, 89.70805204999999) [86]
(89.70805204999999, 89.82168829999999) [88]
(89.70805204999999, 90.158105775) [57, 52, 49]
(89.82168829999999, 89.934498775) [86]
(89.934498775, 90.04663543333332) [85]
(90.04663543333332, 90.158105775) [83]
(90.158105775, 90.26921677499999) [81]
(90.26921677499999, 90.380327775) [80]
(90.380327775, 90.49143877499999) [78]
(90.49143877499999, 90.60195504166667) [76]
(90.60195504166667, 90.71236077500001) [74]
(90.71236077500001, 90.82458202500001) [73]
(90.82458202500001, 90.93882817500001) [71]
(90.93882817500001, 91.07519192500001) [69]
(91.07519192500001, 91.15783659166668) [78]
(91.07519192500001, 91.57105992500001) [59, 50]
(91.15783659166668, 91.24048125833335) [80]
(91.24048125833335, 91.32312592500001) [78]
(91.32312592500001, 91.38510942500001) [77]
(91.38510942500001, 91.447092925) [78]
(91.447092925, 91.50907642500002) [80]
(91.50907642500002, 91.57105992500001) [81]
(91.57105992500001, 92.02523167500001) [69]
(91.57105992500001, 92.098047175) [61]
(91.57105992500001, 92.60652217500001) [52]
(92.02523167500001, 92.098047175) [73]
(92.098047175, 92.60652217500001) [62, 68, 71]
(92.60652217500001, 93.15698117500001) [61, 57, 69]
(93.15698117500001, 93.70744017500002) [45]
(94.18909180000001, 94.316183175) [64]
(94.25665942500001, 94.67332567500002) [76]
(94.67332567500002, 94.79144317500001) [66]
(94.73284942500001, 95.14300567500001) [78]
(95.14300567500001, 95.26065455000001) [67]
(95.20159942500001, 95.68372142500002) [79]
(95.68372142500002, 95.91994192500002) [54]
(95.68372142500002, 96.15616242500002) [71]
(95.91994192500002, 96.15616242500002) [61]
(96.15616242500002, 96.38872042500002) [66]
(96.15616242500002, 96.62127842500001) [70]
(96.38872042500002, 96.62127842500001) [64]
(96.62127842500001, 96.85565342500001) [62]
(96.85565342500001, 97.09758892500001) [61]
(96.97662117500002, 97.09758892500001) [70]
(97.09758892500001, 97.33380942500001) [54]
(97.09758892500001, 97.57002992500001) [73]
(97.33380942500001, 97.57002992500001) [62]
(97.57002992500001, 97.80079892500001) [66]
(97.57002992500001, 98.03156792500002) [71]
(97.80079892500001, 98.03156792500002) [62]
(98.03156792500002, 98.26778842500002) [61]
(98.26778842500002, 98.50400892500002) [59]
(98.38589867500002, 98.50400892500002) [71]
(98.50400892500002, 98.73301642500002) [54]
(98.50400892500002, 98.96923692500002) [74]
(98.73301642500002, 98.96923692500002) [58]
(98.96923692500002, 99.20545742500002) [64]
(98.96923692500002, 99.44167792500002) [73]
(99.20545742500002, 99.44167792500002) [61]
(99.44167792500002, 99.67789842500002) [59]
(99.67789842500002, 99.91411892500001) [58]
(99.79600867500001, 99.91411892500001) [73]
(99.91411892500001, 100.14139142500001) [76]
(99.91411892500001, 100.37948642500001) [59]
(100.14139142500001, 100.37948642500001) [74]
(100.37948642500001, 100.610255425) [77]
(100.610255425, 100.84647592500001) [76]
(100.84647592500001, 101.079033925) [79]
(101.079033925, 101.315254425) [77]
(101.315254425, 101.546023425) [52]
(101.315254425, 101.782243925) [69]
(101.546023425, 101.782243925) [59]
(101.782243925, 102.011251425) [64]
(101.782243925, 102.24202042499999) [68]
(102.011251425, 102.24202042499999) [62]
(102.24202042499999, 102.47639542499999) [60]
(102.47639542499999, 102.71833092499999) [59]
(102.597363175, 102.71833092499999) [68]
(102.71833092499999, 102.95455142499999) [52]
(102.71833092499999, 103.19077192499999) [71]
(102.95455142499999, 103.19077192499999) [60]
(103.19077192499999, 103.42154092499999) [64]
(103.19077192499999, 103.652309925) [69]
(103.42154092499999, 103.652309925) [60]
(103.652309925, 103.888530425) [59]
(103.888530425, 104.124750925) [57]
(104.006640675, 104.124750925) [69]
(104.124750925, 104.360971425) [52]
(104.124750925, 104.597191925) [72]
(104.360971425, 104.597191925) [56]
(104.597191925, 104.829749925) [62]
(104.597191925, 105.062307925) [71]
(104.829749925, 105.062307925) [59]
(105.062307925, 105.298528425) [57]
(105.298528425, 105.534748925) [56]
(105.416638675, 105.534748925) [71]
(105.534748925, 105.765517925) [74]
(105.534748925, 106.470602425) [57]
(105.765517925, 106.003612925) [72]
(106.003612925, 106.234381925) [71]
(106.234381925, 106.470602425) [69]
(106.470602425, 106.645020925) [81]
(106.470602425, 106.939380925) [55, 43]
(106.703160425, 106.8803258) [81]
(106.939380925, 107.17014992499999) [83]
(106.939380925, 107.878811425) [53, 41]
(107.17014992499999, 107.40637042499999) [81]
(107.40637042499999, 107.642590925) [79]
(107.642590925, 107.878811425) [77]
(107.878811425, 108.115031925) [76]
(108.115031925, 108.371442425) [75]
(108.371442425, 108.605817425) [57]
(108.371442425, 109.308942425) [84]
(108.371442425, 109.79674742499999) [53]
(108.605817425, 108.840192425) [56]
(108.840192425, 109.074567425) [57]
(109.074567425, 109.308942425) [60]
(109.308942425, 109.552844925) [59]
(109.308942425, 109.79674742499999) [75]
(109.552844925, 109.79674742499999) [57]
(109.79674742499999, 110.26549742499999) [56, 52]
(109.79674742499999, 110.49987242499999) [76]
(110.49987242499999, 110.620840175) [78]
(110.620840175, 110.73575953749999) [76]
(110.74180792499999, 110.85991817499999) [76]
(110.85991817499999, 110.97802842499999) [74]
(110.97802842499999, 111.09997967499999) [73]
(111.09997967499999, 111.23041442499999) [71]
(111.23041442499999, 111.29678605) [61]
(111.29678605, 111.363157675) [64]
(111.363157675, 112.292360425) [57, 45, 69]
(112.292360425, 112.768550425) [52, 40, 64]
(112.768550425, 113.016484425) [73]
(112.768550425, 113.249042425) [61, 49]
(113.016484425, 113.13276342500001) [74]
(113.13276342500001, 113.249042425) [71]
(113.249042425, 113.489042425) [57, 45, 69]
(114.20904242499999, 114.44620017499999) [73]
(114.44620017499999, 114.56620017499999) [74]
(114.56620017499999, 114.68620017499998) [71]
(114.68620017499998, 115.17830117499999) [69]
(115.17830117499999, 115.41452167499999) [66, 57, 85]
(115.66042317499999, 116.132864175) [69, 59, 75]
(116.132864175, 116.605305175) [68, 64]
(116.132864175, 116.84152567499999) [76]
(116.84152567499999, 117.05806113333333) [77]
(117.07774617499999, 117.30675367499998) [80]
(117.30675367499998, 117.54297417499998) [78]
(117.54297417499998, 117.77374317499998) [76]
(117.77374317499998, 118.00996367499998) [74]
(118.00996367499998, 118.24618417499998) [73]
(118.24618417499998, 118.49208567499998) [71]
(118.49208567499998, 118.72830617499999) [52, 69]
(118.72830617499999, 118.95731367499998) [62, 68]
(118.95731367499998, 119.18458617499998) [59, 76]
(119.18458617499998, 119.41535517499997) [62, 74]
(119.41535517499997, 119.65157567499998) [59]
(119.65157567499998, 119.88779617499998) [62]
(119.88779617499998, 120.12401667499998) [52, 71]
(120.12401667499998, 120.35657467499998) [61, 69]
(120.35657467499998, 120.58384717499997) [57, 78]
(120.58384717499997, 120.81640517499997) [61, 76]
(120.81640517499997, 121.04896317499997) [57]
(121.04896317499997, 121.28518367499997) [61]
(121.28518367499997, 121.51955867499997) [52, 71]
(121.51955867499997, 121.76346117499997) [61, 69]
(121.76346117499997, 121.99246867499997) [57, 81]
(121.99246867499997, 122.22684367499997) [61, 79]
(122.22684367499997, 122.46121867499997) [57]
(122.46121867499997, 122.69559367499997) [61]
(122.69559367499997, 122.92815167499997) [79]
(122.69559367499997, 123.16437217499997) [62, 57, 50]
(122.92815167499997, 123.16437217499997) [78]
(123.16437217499997, 123.40059267499997) [76]
(123.40059267499997, 123.63681317499997) [74]
(123.63681317499997, 123.87303367499997) [73]
(123.87303367499997, 124.11893517499998) [71]
(124.11893517499998, 124.24188592499998) [76]
(124.11893517499998, 124.47444392499997) [49]
(124.24188592499998, 124.28064559166664) [78]
(124.28064559166664, 124.3194052583333) [76]
(124.3194052583333, 124.35816492499998) [74]
(124.35816492499998, 124.47444392499997) [76]
(124.47444392499997, 124.61205867499997) [50, 78]
(124.61205867499997, 125.09986367499997) [61, 69]
(124.61205867499997, 125.58331304999997) [52]
(125.09986367499997, 125.58331304999997) [59, 68]
(125.46426554999996, 125.52378929999996) [69]
(125.52378929999996, 125.58331304999997) [73]
(125.58331304999997, 125.81768804999997) [57]
(125.58331304999997, 126.05206304999997) [76]
(125.81768804999997, 126.05206304999997) [61]
(126.05206304999997, 126.28462104999997) [64]
(126.05206304999997, 126.98592904999997) [76]
(126.28462104999997, 126.51717904999997) [61]
(126.51717904999997, 126.75155404999997) [59]
(126.75155404999997, 126.98592904999997) [57]
(126.98592904999997, 127.10131354999997) [76]
(126.98592904999997, 127.21669804999996) [56]
(127.10131354999997, 127.21669804999996) [74]
(127.21669804999996, 127.33033429999996) [73]
(127.21669804999996, 127.44397054999996) [57]
(127.33033429999996, 127.43355389374996) [71]
(127.44397054999996, 127.55847429999996) [71]
(127.44397054999996, 127.67297804999995) [59]
(127.55847429999996, 127.67297804999995) [69]
(127.67297804999995, 127.78748179999997) [68]
(127.67297804999995, 127.90198554999996) [52]
(127.78748179999997, 127.90198554999996) [66]
(127.90198554999996, 128.01917304999995) [64]
(127.90198554999996, 128.13636054999995) [54]
(128.01917304999995, 128.13636054999995) [62]
(128.13636054999995, 128.25540804999994) [61]
(128.13636054999995, 128.37445554999994) [56]
(128.25540804999994, 128.37445554999994) [62]
(128.37445554999994, 128.49073454999993) [61]
(128.37445554999994, 128.60701354999995) [57]
(128.49073454999993, 128.60701354999995) [64]
(128.60701354999995, 128.72329254999994) [69]
(128.60701354999995, 128.83957154999993) [61]
(128.72329254999994, 128.83957154999993) [73]
(128.83957154999993, 129.06684404999993) [64]
(128.83957154999993, 129.52488554999994) [76]
(129.06684404999993, 129.29411654999993) [61]
(129.29411654999993, 129.52488554999994) [59]
(129.52488554999994, 129.75084686249994) [88]
(129.52488554999994, 129.75565454999992) [57]
(129.75565454999992, 129.86929079999993) [88]
(129.75565454999992, 129.98292704999992) [56]
(129.86929079999993, 129.98292704999992) [86]
(129.98292704999992, 130.09743079999993) [85]
(129.98292704999992, 130.2119345499999) [57]
(130.09743079999993, 130.20239257083324) [83]
(130.2119345499999, 130.32643829999992) [83]
(130.2119345499999, 130.4409420499999) [59]
(130.32643829999992, 130.4409420499999) [81]
(130.4409420499999, 130.55544579999992) [80]
(130.4409420499999, 130.66994954999993) [52]
(130.55544579999992, 130.66994954999993) [78]
(130.66994954999993, 130.78713704999993) [76]
(130.66994954999993, 130.90432454999993) [54]
(130.78713704999993, 130.90432454999993) [74]
(130.90432454999993, 131.02337204999992) [73]
(130.90432454999993, 131.14241954999991) [56]
(131.02337204999992, 131.14241954999991) [74]
(131.14241954999991, 131.2586985499999) [73]
(131.14241954999991, 131.6075355499999) [57]
(131.2586985499999, 131.37497754999993) [76]
(131.37497754999993, 131.49125654999992) [74]
(131.49125654999992, 131.6075355499999) [73]
(131.6075355499999, 131.72117179999992) [74]
(131.6075355499999, 132.0620805499999) [57, 54]
(131.72117179999992, 131.8348080499999) [76]
(131.8348080499999, 131.94844429999992) [78]
(131.94844429999992, 132.0620805499999) [80]
(132.0620805499999, 132.1774650499999) [81]
(132.0620805499999, 132.5229775249999) [57, 54, 50]
(132.1774650499999, 132.29284954999991) [83]
(132.29284954999991, 132.40823404999992) [85]
(132.40823404999992, 132.5229775249999) [86]
(132.5229775249999, 132.6366137749999) [88]
(132.5229775249999, 132.97303124999988) [57, 52, 49]
(132.6366137749999, 132.7494242499999) [86]
(132.7494242499999, 132.86156090833322) [85]
(132.86156090833322, 132.97303124999988) [83]
(132.97303124999988, 133.08414224999987) [81]
(133.08414224999987, 133.19525324999987) [80]
(133.19525324999987, 133.3063642499999) [78]
(133.3063642499999, 133.41688051666654) [76]
(133.41688051666654, 133.52728624999983) [74]
(133.52728624999983, 133.63950749999984) [73]
(133.63950749999984, 133.75375364999985) [71]
(133.75375364999985, 133.89011739999984) [69]
(133.89011739999984, 133.9741510666665) [78]
(133.89011739999984, 134.39431939999983) [59, 50]
(133.9741510666665, 134.05818473333318) [80]
(134.05818473333318, 134.14221839999985) [78]
(134.14221839999985, 134.20524364999983) [77]
(134.20524364999983, 134.26826889999984) [78]
(134.26826889999984, 134.33129414999985) [80]
(134.33129414999985, 134.39431939999983) [81]
(134.39431939999983, 134.8584391499998) [69]
(134.39431939999983, 134.93125464999983) [61]
(134.39431939999983, 135.47179564999982) [52]
(134.8584391499998, 134.93125464999983) [73]
(134.93125464999983, 135.47179564999982) [62, 71, 68]
(135.47179564999982, 136.01233664999984) [61, 57, 69]
(136.01233664999984, 136.55287764999983) [45]
(138.71504164999982, 138.99806064999981) [69, 66]
(138.71504164999982, 140.80410664999982) [38, 50]
(138.99806064999981, 139.26833114999982) [57]
(139.26833114999982, 139.5247416499998) [66, 62]
(139.5247416499998, 139.7706431499998) [57]
(139.7706431499998, 140.02274414999982) [67, 64]
(140.02274414999982, 140.29301464999983) [57]
(140.29301464999983, 140.55617264999984) [66, 69]
(140.55617264999984, 140.80410664999982) [57]
(140.80410664999982, 141.05204064999984) [66, 62]
(141.05204064999984, 141.30204064999984) [64, 61]
(141.30204064999984, 141.55627814999983) [66, 62]
(141.55627814999983, 141.80627814999983) [67, 64]
(141.80627814999983, 142.0542121499998) [69, 66]
(142.0542121499998, 142.30631314999982) [62]
(142.30631314999982, 142.55631314999982) [71, 67]
(142.55631314999982, 142.81947114999983) [62]
(142.81947114999983, 143.07157214999984) [73, 67]
(142.81947114999983, 143.33473014999984) [45, 57]
(143.07157214999984, 143.33473014999984) [64]
(143.33473014999984, 143.59559964999985) [74, 66]
(143.33473014999984, 143.85646914999984) [38, 50]
(143.59559964999985, 143.85646914999984) [69]
(143.85646914999984, 144.10440314999983) [78, 66, 62]
(144.10440314999983, 144.35440314999983) [76, 64, 61]
(144.35440314999983, 144.6086406499998) [78, 66, 62]
(144.6086406499998, 144.8586406499998) [79, 67, 64]
(144.8586406499998, 145.1065746499998) [69, 66]
(144.8586406499998, 145.3608121499998) [81]
(145.1065746499998, 145.3608121499998) [62]
(145.3608121499998, 145.6150496499998) [71, 67]
(145.3608121499998, 145.87591914999982) [83]
(145.6150496499998, 145.87591914999982) [62]
(145.87591914999982, 146.1301566499998) [73, 67]
(145.87591914999982, 146.3980136499998) [85]
(146.1301566499998, 146.3980136499998) [64]
(146.3980136499998, 146.66587064999982) [74, 66]
(146.3980136499998, 146.94364864999983) [86]
(146.66587064999982, 146.94364864999983) [69]
(146.94364864999983, 147.19788614999982) [74, 66]
(147.19788614999982, 147.45650664999982) [73, 64]
(147.45650664999982, 147.7044406499998) [71, 62]
(147.7044406499998, 147.9771681499998) [69, 61]
(147.9771681499998, 148.2335786499998) [68, 59]
(147.9771681499998, 148.4944481499998) [52]
(148.2335786499998, 148.4944481499998) [64]
(148.4944481499998, 148.7486856499998) [69, 61]
(148.4944481499998, 149.0073061499998) [49]
(148.7486856499998, 149.0073061499998) [64]
(149.0073061499998, 149.25940714999982) [73, 69]
(149.0073061499998, 149.5115081499998) [45]
(149.25940714999982, 149.5115081499998) [64]
(149.5115081499998, 149.7636091499998) [71, 68]
(149.5115081499998, 150.0314661499998) [52]
(149.7636091499998, 150.0314661499998) [64]
(150.0314661499998, 150.2794001499998) [86, 74, 66]
(150.2794001499998, 150.53581064999977) [85, 73, 64]
(150.53581064999977, 150.79004814999976) [83, 71, 62]
(150.79004814999976, 150.98916302499975) [81]
(150.79004814999976, 151.05553464999977) [69, 61]
(150.98916302499975, 151.05553464999977) [87]
(151.05553464999977, 151.30143614999977) [68, 59]
(151.05553464999977, 151.48436302499977) [88]
(151.30143614999977, 151.54533864999976) [64]
(151.48436302499977, 151.54533864999976) [87]
(151.54533864999976, 151.79124014999977) [69, 61]
(151.54533864999976, 151.97269177499976) [88]
(151.79124014999977, 152.03317564999978) [64]
(151.97269177499976, 152.03317564999978) [87]
(152.03317564999978, 152.27707814999977) [73, 69]
(152.03317564999978, 152.46457814999977) [88]
(152.27707814999977, 152.52707814999977) [64]
(152.46457814999977, 152.52707814999977) [87]
(152.52707814999977, 152.77707814999977) [71, 68]
(152.52707814999977, 153.04023614999977) [88]
(152.77707814999977, 153.04023614999977) [64]
(153.04023614999977, 153.29664664999976) [45, 73]
(153.04023614999977, 154.5366231499997) [64]
(153.29664664999976, 153.54458064999974) [44, 71]
(153.54458064999974, 153.78848314999973) [45, 73]
(153.78848314999973, 154.03848314999973) [47, 74]
(154.03848314999973, 154.28238564999972) [76]
(154.03848314999973, 154.5366231499997) [49]
(154.28238564999972, 154.5366231499997) [69]
(154.5366231499997, 154.7805256499997) [73]
(154.5366231499997, 155.0369361499997) [52, 69]
(154.7805256499997, 155.0369361499997) [64]
(155.0369361499997, 155.28083864999968) [71]
(155.0369361499997, 155.5394591499997) [40, 68]
(155.28083864999968, 155.5394591499997) [64]
(155.5394591499997, 155.78739314999967) [69]
(155.5394591499997, 156.05055114999968) [45]
(155.78739314999967, 156.05055114999968) [64]
(156.05055114999968, 156.30696164999966) [85, 73, 69]
(156.30696164999966, 156.55489564999965) [83, 71, 68]
(156.55489564999965, 156.80699664999966) [85, 73, 69]
(156.80699664999966, 157.05699664999966) [86, 74, 71]
(157.05699664999966, 157.30089914999965) [76, 73]
(157.05699664999966, 157.55513664999964) [88]
(157.30089914999965, 157.55513664999964) [64]
(157.55513664999964, 157.79903914999963) [73, 69]
(157.55513664999964, 158.05544964999962) [85]
(157.79903914999963, 158.05544964999962) [64]
(158.05544964999962, 158.2993521499996) [71, 68]
(158.05544964999962, 158.5579726499996) [83]
(158.2993521499996, 158.5579726499996) [64]
(158.5579726499996, 158.8059066499996) [69]
(158.5579726499996, 159.0601441499996) [81]
(158.8059066499996, 159.0601441499996) [64]
(159.0601441499996, 159.30404664999958) [66]
(159.0601441499996, 159.55404664999958) [59, 50]
(159.30404664999958, 159.55404664999958) [74]
(159.55404664999958, 159.79994814999958) [71]
(159.55404664999958, 160.05418564999957) [52, 62]
(159.79994814999958, 160.05418564999957) [68]
(160.05418564999957, 160.30211964999955) [69]
(160.05418564999957, 160.55005364999957) [57, 61]
(160.30211964999955, 160.55005364999957) [64]
(160.55005364999957, 160.80005364999957) [66]
(160.55005364999957, 161.05646414999956) [59, 50]
(160.80005364999957, 161.05646414999956) [74]
(161.05646414999956, 161.31287464999957) [71]
(161.05646414999956, 161.57603264999958) [52, 62]
(161.31287464999957, 161.57603264999958) [68]
(161.57603264999958, 161.82396664999956) [69]
(161.57603264999958, 162.07190064999958) [61, 57]
(161.82396664999956, 162.07190064999958) [68]
(162.07190064999958, 162.31983464999956) [69]
(162.31983464999956, 162.56776864999958) [71]
(162.56776864999958, 162.8332551499996) [67]
(162.8332551499996, 163.13937764999957) [64]
(163.13937764999957, 163.42239664999957) [69, 66]
(163.13937764999957, 165.22844264999958) [38, 50]
(163.42239664999957, 163.69266714999958) [57]
(163.69266714999958, 163.94907764999957) [66, 62]
(163.94907764999957, 164.19497914999957) [57]
(164.19497914999957, 164.44708014999958) [67, 64]
(164.44708014999958, 164.7173506499996) [57]
(164.7173506499996, 164.9805086499996) [66, 69]
(164.9805086499996, 165.22844264999958) [57]
(165.22844264999958, 165.4763766499996) [66, 62]
(165.4763766499996, 165.7263766499996) [64, 61]
(165.7263766499996, 165.98061414999958) [66, 62]
(165.98061414999958, 166.23061414999958) [67, 64]
(166.23061414999958, 166.47854814999957) [69, 66]
(166.47854814999957, 166.73064914999958) [62]
(166.73064914999958, 166.98064914999958) [71, 67]
(166.98064914999958, 167.24380714999958) [62]
(167.24380714999958, 167.4959081499996) [73, 67]
(167.24380714999958, 167.7590661499996) [45, 57]
(167.4959081499996, 167.7590661499996) [64]
(167.7590661499996, 168.0199356499996) [74, 66]
(167.7590661499996, 168.2808051499996) [38, 50]
(168.0199356499996, 168.2808051499996) [69]
(168.2808051499996, 168.52873914999958) [78, 66, 62]
(168.52873914999958, 168.77873914999958) [76, 64, 61]
(168.77873914999958, 169.03297664999957) [78, 66, 62]
(169.03297664999957, 169.28297664999957) [79, 67, 64]
(169.28297664999957, 169.53091064999956) [69, 66]
(169.28297664999957, 169.78514814999954) [81]
(169.53091064999956, 169.78514814999954) [62]
(169.78514814999954, 170.03938564999956) [71, 67]
(169.78514814999954, 170.30025514999957) [83]
(170.03938564999956, 170.30025514999957) [62]
(170.30025514999957, 170.55449264999956) [73, 67]
(170.30025514999957, 170.82234964999955) [85]
(170.55449264999956, 170.82234964999955) [64]
(170.82234964999955, 171.09020664999957) [74, 66]
(170.82234964999955, 171.36798464999958) [86]
(171.09020664999957, 171.36798464999958) [69]
(171.36798464999958, 171.62222214999957) [74, 66]
(171.62222214999957, 171.88084264999958) [73, 64]
(171.88084264999958, 172.12877664999957) [71, 62]
(172.12877664999957, 172.40150414999957) [69, 61]
(172.40150414999957, 172.65791464999955) [68, 59]
(172.40150414999957, 172.91878414999957) [52]
(172.65791464999955, 172.91878414999957) [64]
(172.91878414999957, 173.17302164999955) [69, 61]
(172.91878414999957, 173.43164214999956) [49]
(173.17302164999955, 173.43164214999956) [64]
(173.43164214999956, 173.68374314999957) [73, 69]
(173.43164214999956, 173.93584414999955) [45]
(173.68374314999957, 173.93584414999955) [64]
(173.93584414999955, 174.18794514999956) [71, 68]
(173.93584414999955, 174.45580214999956) [52]
(174.18794514999956, 174.45580214999956) [64]
(174.45580214999956, 174.70373614999954) [86, 74, 66]
(174.70373614999954, 174.96014664999953) [85, 73, 64]
(174.96014664999953, 175.21438414999952) [83, 71, 62]
(175.21438414999952, 175.4134990249995) [81]
(175.21438414999952, 175.47987064999953) [69, 61]
(175.4134990249995, 175.47987064999953) [87]
(175.47987064999953, 175.72577214999953) [68, 59]
(175.47987064999953, 175.90869902499952) [88]
(175.72577214999953, 175.96967464999952) [64]
(175.90869902499952, 175.96967464999952) [87]
(175.96967464999952, 176.21557614999952) [69, 61]
(175.96967464999952, 176.39702777499951) [88]
(176.21557614999952, 176.45751164999953) [64]
(176.39702777499951, 176.45751164999953) [87]
(176.45751164999953, 176.70141414999952) [73, 69]
(176.45751164999953, 176.88891414999952) [88]
(176.70141414999952, 176.95141414999952) [64]
(176.88891414999952, 176.95141414999952) [87]
(176.95141414999952, 177.20141414999952) [71, 68]
(176.95141414999952, 177.46457214999953) [88]
(177.20141414999952, 177.46457214999953) [64]
(177.46457214999953, 177.7209826499995) [45, 73]
(177.46457214999953, 178.96095914999947) [64]
(177.7209826499995, 177.9689166499995) [44, 71]
(177.9689166499995, 178.2128191499995) [45, 73]
(178.2128191499995, 178.4628191499995) [47, 74]
(178.4628191499995, 178.70672164999948) [76]
(178.4628191499995, 178.96095914999947) [49]
(178.70672164999948, 178.96095914999947) [69]
(178.96095914999947, 179.20486164999946) [73]
(178.96095914999947, 179.46127214999944) [52, 69]
(179.20486164999946, 179.46127214999944) [64]
(179.46127214999944, 179.70517464999944) [71]
(179.46127214999944, 179.96379514999944) [40, 68]
(179.70517464999944, 179.96379514999944) [64]
(179.96379514999944, 180.21172914999943) [69]
(179.96379514999944, 180.47488714999943) [45]
(180.21172914999943, 180.47488714999943) [64]
(180.47488714999943, 180.73129764999942) [85, 73, 69]
(180.73129764999942, 180.9792316499994) [83, 71, 68]
(180.9792316499994, 181.23133264999942) [85, 73, 69]
(181.23133264999942, 181.48133264999942) [86, 74, 71]
(181.48133264999942, 181.7252351499994) [76, 73]
(181.48133264999942, 181.9794726499994) [88]
(181.7252351499994, 181.9794726499994) [64]
(181.9794726499994, 182.22337514999938) [73, 69]
(181.9794726499994, 182.47978564999937) [85]
(182.22337514999938, 182.47978564999937) [64]
(182.47978564999937, 182.72368814999936) [71, 68]
(182.47978564999937, 182.98230864999937) [83]
(182.72368814999936, 182.98230864999937) [64]
(182.98230864999937, 183.23024264999935) [69]
(182.98230864999937, 183.48448014999934) [81]
(183.23024264999935, 183.48448014999934) [64]
(183.48448014999934, 183.72838264999933) [66]
(183.48448014999934, 183.97838264999933) [59, 50]
(183.72838264999933, 183.97838264999933) [74]
(183.97838264999933, 184.22428414999933) [71]
(183.97838264999933, 184.47852164999932) [52, 62]
(184.22428414999933, 184.47852164999932) [68]
(184.47852164999932, 184.7264556499993) [69]
(184.47852164999932, 184.97438964999932) [57, 61]
(184.7264556499993, 184.97438964999932) [64]
(184.97438964999932, 185.22438964999932) [66]
(184.97438964999932, 185.4808001499993) [59, 50]
(185.22438964999932, 185.4808001499993) [74]
(185.4808001499993, 185.73721064999933) [71]
(185.4808001499993, 186.00036864999933) [52, 62]
(185.73721064999933, 186.00036864999933) [68]
(186.00036864999933, 186.24830264999932) [69]
(186.00036864999933, 186.49623664999933) [61, 57]
(186.24830264999932, 186.49623664999933) [68]
(186.49623664999933, 186.74417064999932) [69]
(186.74417064999932, 186.99210464999933) [71]
(186.99210464999933, 187.24634214999932) [67]
(187.24634214999932, 187.52412014999933) [64]
(187.52412014999933, 187.80713914999933) [69, 66]
(187.52412014999933, 189.61318514999934) [35, 47]
(187.80713914999933, 188.07740964999934) [59]
(188.07740964999934, 188.33382014999933) [66, 63]
(188.33382014999933, 188.57972164999933) [59]
(188.57972164999933, 188.83182264999934) [67, 64]
(188.83182264999934, 189.10209314999935) [59]
(189.10209314999935, 189.36525114999935) [66, 69]
(189.36525114999935, 189.61318514999934) [59]
(189.61318514999934, 189.86318514999934) [84, 66, 63]
(189.86318514999934, 190.10908664999934) [83, 59]
(190.10908664999934, 190.35702064999933) [81, 67, 64]
(190.35702064999933, 190.61564114999933) [79, 59]
(190.61564114999933, 190.86564114999933) [66, 69]
(190.61564114999933, 191.11357514999932) [78]
(190.86564114999933, 191.11357514999932) [59]
(191.11357514999932, 191.36150914999934) [81, 66, 63]
(191.36150914999934, 191.60741064999934) [79, 59]
(191.60741064999934, 191.85331214999934) [78, 67, 64]
(191.85331214999934, 192.11193264999935) [76, 59]
(192.11193264999935, 192.63861364999934) [75, 66, 69]
(192.63861364999934, 192.85635559999935) [59, 71, 83, 47]
(192.88054914999935, 193.10006139999936) [57, 69, 81, 45]
(193.12445164999934, 193.34759224999934) [55, 67, 79, 43]
(193.37238564999933, 193.60315509999933) [54, 66, 78, 42]
(193.62879614999932, 194.10667184999932) [52, 64, 76, 40]
(194.1597691499993, 194.6213080499993) [52, 64, 76, 40]
(194.6725901499993, 195.1341290499993) [59, 71, 83, 47]
(195.1854111499993, 195.6316923499993) [52, 64, 76, 40]
(195.6812791499993, 195.90079139999932) [59, 71, 83, 47]
(195.9251816499993, 196.1483222499993) [57, 69, 81, 45]
(196.1731156499993, 196.4000065499993) [55, 67, 79, 43]
(196.4252166499993, 196.6599991999993) [54, 66, 78, 42]
(196.6860861499993, 197.1639618499993) [52, 64, 76, 40]
(197.2170591499993, 197.6785980499993) [52, 64, 76, 40]
(197.7298801499993, 198.1914190499993) [59, 71, 83, 47]
(198.2427011499993, 198.7205768499993) [52, 64, 76, 40]
(198.7736741499993, 198.9627498999993) [76]
(199.0257751499993, 199.2197405249993) [74]
(199.2843956499993, 199.4734713999993) [76]
(199.53649664999932, 199.73046202499933) [77]
(199.79511714999933, 200.30797514999932) [79]
(199.79511714999933, 200.81645014999933) [60]
(200.05373764999933, 200.30797514999932) [64]
(200.30797514999932, 200.56221264999934) [67]
(200.30797514999932, 201.07068764999934) [79]
(200.56221264999934, 200.81645014999933) [64]
(200.81645014999933, 201.07068764999934) [65]
(200.81645014999933, 201.32709814999933) [59]
(201.07068764999934, 201.32709814999933) [62, 79]
(201.32709814999933, 201.83557314999933) [84]
(201.32709814999933, 202.33557314999933) [60]
(201.58133564999932, 201.83557314999933) [64]
(201.83557314999933, 202.08557314999933) [67]
(201.83557314999933, 202.33557314999933) [79]
(202.08557314999933, 202.33557314999933) [64]
(202.33557314999933, 202.58557314999933) [65]
(202.33557314999933, 202.84419364999934) [59]
(202.58557314999933, 202.84419364999934) [62]
(202.84419364999934, 203.34219614999935) [79]
(202.84419364999934, 203.84219614999935) [60]
(203.09629464999935, 203.34219614999935) [64]
(203.34219614999935, 203.59219614999935) [67]
(203.34219614999935, 204.09643364999934) [79]
(203.59219614999935, 203.84219614999935) [64]
(203.84219614999935, 204.09643364999934) [65]
(203.84219614999935, 204.35067114999936) [59]
(204.09643364999934, 204.35067114999936) [62, 79]
(204.35067114999936, 204.84867364999937) [84]
(204.35067114999936, 205.34454164999937) [60]
(204.60277214999937, 204.84867364999937) [64]
(204.84867364999937, 205.09660764999936) [67]
(204.84867364999937, 205.34454164999937) [79]
(205.09660764999936, 205.34454164999937) [64]
(205.34454164999937, 205.59454164999937) [60]
(205.59454164999937, 205.86239864999936) [64]
(205.72847014999937, 205.86239864999936) [79]
(205.86239864999936, 206.35830014999937) [88]
(205.86239864999936, 206.85830014999937) [58]
(206.11239864999936, 206.35830014999937) [60]
(206.35830014999937, 206.60830014999937) [64]
(206.35830014999937, 206.85830014999937) [79]
(206.60830014999937, 206.85830014999937) [67]
(206.85830014999937, 207.10830014999937) [64]
(207.10830014999937, 207.36916964999938) [60]
(207.23873489999937, 207.36916964999938) [79]
(207.36916964999938, 207.86307214999937) [88]
(207.36916964999938, 208.3569243999994) [57]
(207.61916964999938, 207.86307214999937) [61]
(207.86307214999937, 208.10899039999939) [64]
(207.86307214999937, 208.3569243999994) [79]
(208.10899039999939, 208.3569243999994) [67]
(208.3569243999994, 208.6048583999994) [64]
(208.6048583999994, 208.8657278999994) [61]
(208.7352931499994, 208.8657278999994) [79]
(208.8657278999994, 209.1096303999994) [79]
(208.8657278999994, 209.8494008999994) [62, 57]
(209.1096303999994, 209.3535328999994) [77]
(209.3535328999994, 209.6014668999994) [76]
(209.6014668999994, 209.8494008999994) [77]
(209.8494008999994, 210.0973348999994) [64, 76]
(209.8494008999994, 210.3452688999994) [56]
(210.0973348999994, 210.3452688999994) [65, 74]
(210.3452688999994, 210.5911703999994) [73]
(210.3452688999994, 210.84327139999942) [64, 57]
(210.5911703999994, 210.84327139999942) [80]
(210.84327139999942, 211.08520689999943) [81]
(211.08520689999943, 211.33110839999944) [80]
(211.33110839999944, 211.57700989999944) [81]
(211.57700989999944, 211.82291139999944) [76]
(211.82291139999944, 212.06681389999943) [79]
(211.82291139999944, 213.30245239999945) [68, 58, 62]
(212.06681389999943, 212.31071639999945) [77]
(212.31071639999945, 212.55865039999944) [76]
(212.55865039999944, 212.80658439999945) [77]
(212.80658439999945, 213.05451839999944) [76]
(213.05451839999944, 213.30245239999945) [74]
(213.30245239999945, 213.54635489999944) [81]
(213.30245239999945, 213.79845589999945) [69, 57, 61]
(213.54635489999944, 213.79845589999945) [80]
(213.79845589999945, 214.04039139999946) [81]
(214.04039139999946, 214.28832539999945) [76]
(214.28832539999945, 214.53625939999947) [77]
(214.28832539999945, 214.78419339999945) [65, 62, 57]
(214.53625939999947, 214.78419339999945) [74]
(214.78419339999945, 215.02809589999944) [81]
(214.78419339999945, 215.28019689999945) [64, 57, 61]
(215.02809589999944, 215.28019689999945) [80]
(215.28019689999945, 215.52213239999946) [81]
(215.52213239999946, 215.76803389999947) [76]
(215.76803389999947, 216.01393539999947) [77]
(215.76803389999947, 216.25990520833278) [65, 62, 57]
(216.01393539999947, 216.25990520833278) [74]
(216.25990520833278, 216.50994022499944) [69]
(216.25990520833278, 216.76229048333278) [64, 61, 57]
(216.50994022499944, 216.76229048333278) [68]
(216.76229048333278, 217.01656419999946) [69]
(217.01656419999946, 217.27297469999945) [68]
(217.27297469999945, 217.53356141666612) [69]
(217.53356141666612, 217.84978524999948) [68]
(217.84978524999948, 218.13280424999948) [69, 66]
(217.84978524999948, 219.9388502499995) [38, 50]
(218.13280424999948, 218.4030747499995) [57]
(218.4030747499995, 218.65948524999948) [66, 62]
(218.65948524999948, 218.90538674999948) [57]
(218.90538674999948, 219.1574877499995) [67, 64]
(219.1574877499995, 219.4277582499995) [57]
(219.4277582499995, 219.6909162499995) [66, 69]
(219.6909162499995, 219.9388502499995) [62]
(219.9388502499995, 220.1867842499995) [74, 71]
(220.1867842499995, 220.4367842499995) [73, 69]
(220.4367842499995, 220.6910217499995) [71, 67]
(220.6910217499995, 220.9410217499995) [69, 66]
(220.9410217499995, 221.18895574999948) [67]
(220.9410217499995, 221.4410567499995) [47]
(221.18895574999948, 221.4410567499995) [62]
(221.4410567499995, 221.6910567499995) [69, 66]
(221.4410567499995, 221.9542147499995) [45]
(221.6910567499995, 221.9542147499995) [62]
(221.9542147499995, 222.2063157499995) [71, 67]
(221.9542147499995, 222.4694737499995) [43]
(222.2063157499995, 222.4694737499995) [62]
(222.4694737499995, 222.7326317499995) [66, 69]
(222.4694737499995, 222.9805657499995) [50]
(222.7326317499995, 222.9805657499995) [62]
(222.9805657499995, 223.22849974999951) [86, 74, 71]
(223.22849974999951, 223.47849974999951) [85, 73, 69]
(223.47849974999951, 223.7327372499995) [83, 71, 67]
(223.7327372499995, 223.9827372499995) [81, 69, 66]
(223.9827372499995, 224.2306712499995) [67, 64]
(223.9827372499995, 224.4827722499995) [79]
(224.2306712499995, 224.4827722499995) [62]
(224.4827722499995, 224.7327722499995) [69, 66]
(224.4827722499995, 224.9959302499995) [81]
(224.7327722499995, 224.9959302499995) [62]
(224.9959302499995, 225.2480312499995) [71, 67]
(224.9959302499995, 225.51118924999952) [83]
(225.2480312499995, 225.51118924999952) [62]
(225.51118924999952, 225.77434724999952) [66, 69]
(225.51118924999952, 226.0222812499995) [81]
(225.77434724999952, 226.0222812499995) [62]
(226.0222812499995, 226.27021524999952) [71, 67]
(226.27021524999952, 226.52021524999952) [69, 66]
(226.52021524999952, 226.7744527499995) [67, 64]
(226.7744527499995, 227.0244527499995) [66, 62]
(227.0244527499995, 227.2723867499995) [64, 61]
(227.0244527499995, 227.5244877499995) [45]
(227.2723867499995, 227.5244877499995) [57]
(227.5244877499995, 227.7744877499995) [69, 62]
(227.5244877499995, 228.0376457499995) [42]
(227.7744877499995, 228.0376457499995) [57]
(228.0376457499995, 228.28974674999952) [66, 62]
(228.0376457499995, 228.55290474999953) [38]
(228.28974674999952, 228.55290474999953) [57]
(228.55290474999953, 228.81606274999953) [61, 64]
(228.55290474999953, 229.06399674999952) [45]
(228.81606274999953, 229.06399674999952) [57]
(229.06399674999952, 229.31193074999953) [83, 71, 67]
(229.31193074999953, 229.56193074999953) [81, 69, 66]
(229.56193074999953, 229.81616824999952) [79, 67, 64]
(229.81616824999952, 230.00366824999952) [78]
(229.81616824999952, 230.06616824999952) [66, 62]
(230.00366824999952, 230.06616824999952) [80]
(230.06616824999952, 230.31206974999952) [64, 61]
(230.06616824999952, 230.4381202499995) [81]
(230.31206974999952, 230.56417074999953) [57]
(230.50114549999952, 230.56417074999953) [80]
(230.56417074999953, 230.81007224999954) [69, 66]
(230.56417074999953, 230.93612274999953) [81]
(230.81007224999954, 231.06217324999955) [57]
(230.99914799999954, 231.06217324999955) [80]
(231.06217324999955, 231.31010724999953) [66, 62]
(231.06217324999955, 231.43615774999952) [81]
(231.31010724999953, 231.56220824999954) [57]
(231.49918299999953, 231.56220824999954) [80]
(231.56220824999954, 231.82536624999955) [61, 64]
(231.56220824999954, 232.07330024999953) [81]
(231.82536624999955, 232.07330024999953) [69]
(232.07330024999953, 232.32971074999952) [59, 74]
(232.07330024999953, 233.3154497499995) [62]
(232.32971074999952, 232.5776447499995) [58, 73]
(232.5776447499995, 232.8215472499995) [59, 74]
(232.8215472499995, 233.0715472499995) [55, 71]
(233.0715472499995, 233.3154497499995) [69]
(233.0715472499995, 233.56968724999948) [54]
(233.3154497499995, 233.56968724999948) [57]
(233.56968724999948, 233.81358974999947) [64]
(233.56968724999948, 234.07000024999945) [52, 67]
(233.81358974999947, 234.07000024999945) [59]
(234.07000024999945, 234.31390274999944) [61]
(234.07000024999945, 234.57252324999945) [45, 64]
(234.31390274999944, 234.57252324999945) [57]
(234.57252324999945, 234.82045724999944) [66]
(234.57252324999945, 234.94107133333276) [62]
(234.57252324999945, 235.08361524999944) [50]
(234.82045724999944, 235.08361524999944) [69]
(235.08361524999944, 235.34002574999943) [86, 74, 71]
(235.34002574999943, 235.5879597499994) [85, 73, 70]
(235.5879597499994, 235.84006074999942) [86, 74, 71]
(235.84006074999942, 236.09006074999942) [83, 71, 67]
(236.09006074999942, 236.3339632499994) [69, 66]
(236.09006074999942, 236.5882007499994) [81]
(236.3339632499994, 236.5882007499994) [62]
(236.5882007499994, 236.8321032499994) [67, 64]
(236.5882007499994, 237.08851374999938) [79]
(236.8321032499994, 237.08851374999938) [59]
(237.08851374999938, 237.33241624999937) [64, 61]
(237.08851374999938, 237.59103674999938) [76]
(237.33241624999937, 237.59103674999938) [57]
(237.59103674999938, 237.83897074999936) [66, 62]
(237.59103674999938, 238.09320824999935) [74]
(237.83897074999936, 238.09320824999935) [69]
(238.09320824999935, 238.33711074999934) [69]
(238.09320824999935, 238.46211074999934) [59]
(238.09320824999935, 238.58711074999934) [43]
(238.33711074999934, 238.58711074999934) [67]
(238.58711074999934, 238.83301224999934) [64]
(238.58711074999934, 239.08724974999933) [45, 55]
(238.83301224999934, 239.08724974999933) [61]
(239.08724974999933, 239.33518374999932) [62]
(239.08724974999933, 239.58311774999933) [50, 54]
(239.33518374999932, 239.58311774999933) [66]
(239.58311774999933, 239.83311774999933) [69]
(239.58311774999933, 239.96132299999934) [59]
(239.58311774999933, 240.08952824999932) [43]
(239.83311774999933, 240.08952824999932) [67]
(240.08952824999932, 240.34593874999933) [64]
(240.08952824999932, 240.60909674999934) [45, 55]
(240.34593874999933, 240.60909674999934) [61]
(240.60909674999934, 240.85703074999932) [62]
(240.60909674999934, 241.10496474999934) [54, 50]
(240.85703074999932, 241.10496474999934) [61]
(241.10496474999934, 241.35289874999933) [62]
(241.35289874999933, 241.60083274999934) [64]
(241.60083274999934, 241.87356024999934) [66]
(241.87356024999934, 242.18283874999935) [67]
(242.18283874999935, 242.46585774999934) [69, 66]
(242.18283874999935, 244.27190374999935) [35, 47]
(242.46585774999934, 242.73612824999935) [59]
(242.73612824999935, 242.99253874999934) [66, 63]
(242.99253874999934, 243.23844024999934) [59]
(243.23844024999934, 243.49054124999935) [67, 64]
(243.49054124999935, 243.76081174999936) [59]
(243.76081174999936, 244.02396974999937) [66, 69]
(244.02396974999937, 244.27190374999935) [59]
(244.27190374999935, 244.52190374999935) [84, 66, 63]
(244.52190374999935, 244.76780524999936) [83, 59]
(244.76780524999936, 245.01573924999934) [81, 67, 64]
(245.01573924999934, 245.27435974999935) [79, 59]
(245.27435974999935, 245.52435974999935) [66, 69]
(245.27435974999935, 245.77229374999933) [78]
(245.52435974999935, 245.77229374999933) [59]
(245.77229374999933, 246.02022774999935) [81, 66, 63]
(246.02022774999935, 246.26612924999935) [79, 59]
(246.26612924999935, 246.51203074999935) [78, 67, 64]
(246.51203074999935, 246.77065124999936) [76, 59]
(246.77065124999936, 247.29733224999936) [75, 66, 69]
(247.29733224999936, 247.51507419999936) [59, 71, 83, 47]
(247.53926774999937, 247.75877999999938) [57, 69, 81, 45]
(247.78317024999936, 248.00631084999935) [55, 67, 79, 43]
(248.03110424999934, 248.26187369999934) [54, 66, 78, 42]
(248.28751474999933, 248.76539044999933) [52, 64, 76, 40]
(248.81848774999932, 249.28002664999931) [52, 64, 76, 40]
(249.33130874999932, 249.79284764999932) [59, 71, 83, 47]
(249.84412974999933, 250.2904109499993) [52, 64, 76, 40]
(250.33999774999933, 250.55950999999934) [59, 71, 83, 47]
(250.58390024999932, 250.8070408499993) [57, 69, 81, 45]
(250.8318342499993, 251.0587251499993) [55, 67, 79, 43]
(251.0839352499993, 251.31871779999932) [54, 66, 78, 42]
(251.34480474999933, 251.82268044999932) [52, 64, 76, 40]
(251.87577774999932, 252.3373166499993) [52, 64, 76, 40]
(252.38859874999932, 252.8501376499993) [59, 71, 83, 47]
(252.90141974999932, 253.37929544999932) [52, 64, 76, 40]
(253.4323927499993, 253.6214684999993) [76]
(253.68449374999932, 253.87845912499932) [74]
(253.94311424999933, 254.13218999999933) [76]
(254.19521524999934, 254.38918062499934) [77]
(254.45383574999934, 254.96669374999934) [79]
(254.45383574999934, 255.47516874999934) [60]
(254.71245624999935, 254.96669374999934) [64]
(254.96669374999934, 255.22093124999935) [67]
(254.96669374999934, 255.72940624999936) [79]
(255.22093124999935, 255.47516874999934) [64]
(255.47516874999934, 255.72940624999936) [65]
(255.47516874999934, 255.98581674999934) [59]
(255.72940624999936, 255.98581674999934) [62, 79]
(255.98581674999934, 256.4942917499993) [84]
(255.98581674999934, 256.9942917499993) [60]
(256.24005424999933, 256.4942917499993) [64]
(256.4942917499993, 256.7442917499993) [67]
(256.4942917499993, 256.9942917499993) [79]
(256.7442917499993, 256.9942917499993) [64]
(256.9942917499993, 257.2442917499993) [65]
(256.9942917499993, 257.5029122499993) [59]
(257.2442917499993, 257.5029122499993) [62]
(257.5029122499993, 258.0009147499993) [79]
(257.5029122499993, 258.5009147499993) [60]
(257.7550132499993, 258.0009147499993) [64]
(258.0009147499993, 258.2509147499993) [67]
(258.0009147499993, 258.7551522499993) [79]
(258.2509147499993, 258.5009147499993) [64]
(258.5009147499993, 258.7551522499993) [65]
(258.5009147499993, 259.0093897499993) [59]
(258.7551522499993, 259.0093897499993) [62, 79]
(259.0093897499993, 259.50739224999927) [84]
(259.0093897499993, 260.00326024999924) [60]
(259.26149074999927, 259.50739224999927) [64]
(259.50739224999927, 259.75532624999926) [67]
(259.50739224999927, 260.00326024999924) [79]
(259.75532624999926, 260.00326024999924) [64]
(260.00326024999924, 260.25326024999924) [60]
(260.25326024999924, 260.52111724999924) [64]
(260.38718874999927, 260.52111724999924) [79]
(260.52111724999924, 261.01701874999924) [88]
(260.52111724999924, 261.51701874999924) [58]
(260.77111724999924, 261.01701874999924) [60]
(261.01701874999924, 261.26701874999924) [64]
(261.01701874999924, 261.51701874999924) [79]
(261.26701874999924, 261.51701874999924) [67]
(261.51701874999924, 261.76701874999924) [64]
(261.76701874999924, 262.02788824999925) [60]
(261.89745349999924, 262.02788824999925) [79]
(262.02788824999925, 262.52179074999924) [88]
(262.02788824999925, 263.0156429999992) [57]
(262.27788824999925, 262.52179074999924) [61]
(262.52179074999924, 262.76770899999923) [64]
(262.52179074999924, 263.0156429999992) [79]
(262.76770899999923, 263.0156429999992) [67]
(263.0156429999992, 263.26357699999926) [64]
(263.26357699999926, 263.52444649999927) [61]
(263.39401174999927, 263.52444649999927) [79]
(263.52444649999927, 263.76834899999926) [79]
(263.52444649999927, 264.5081194999992) [62, 57]
(263.76834899999926, 264.01225149999925) [77]
(264.01225149999925, 264.26018549999924) [76]
(264.26018549999924, 264.5081194999992) [77]
(264.5081194999992, 264.75605349999927) [64, 76]
(264.5081194999992, 265.00398749999925) [56]
(264.75605349999927, 265.00398749999925) [65, 74]
(265.00398749999925, 265.24988899999926) [73]
(265.00398749999925, 265.50198999999924) [64, 57]
(265.24988899999926, 265.50198999999924) [80]
(265.50198999999924, 265.74392549999925) [81]
(265.74392549999925, 265.98982699999925) [80]
(265.98982699999925, 266.23572849999925) [81]
(266.23572849999925, 266.48162999999926) [76]
(266.48162999999926, 266.72553249999925) [79]
(266.48162999999926, 267.96117099999924) [68, 58, 62]
(266.72553249999925, 266.96943499999924) [77]
(266.96943499999924, 267.2173689999992) [76]
(267.2173689999992, 267.4653029999992) [77]
(267.4653029999992, 267.71323699999925) [76]
(267.71323699999925, 267.96117099999924) [74]
(267.96117099999924, 268.20507349999923) [81]
(267.96117099999924, 268.4571744999992) [69, 57, 61]
(268.20507349999923, 268.4571744999992) [80]
(268.4571744999992, 268.6991099999992) [81]
(268.6991099999992, 268.9470439999992) [76]
(268.9470439999992, 269.1949779999992) [77]
(268.9470439999992, 269.44291199999924) [65, 62, 57]
(269.1949779999992, 269.44291199999924) [74]
(269.44291199999924, 269.68681449999923) [81]
(269.44291199999924, 269.9389154999992) [64, 57, 61]
(269.68681449999923, 269.9389154999992) [80]
(269.9389154999992, 270.1808509999992) [81]
(270.1808509999992, 270.4267524999992) [76]
(270.4267524999992, 270.6726539999992) [77]
(270.4267524999992, 270.91862380833254) [65, 62, 57]
(270.6726539999992, 270.91862380833254) [74]
(270.91862380833254, 271.1686588249992) [69]
(270.91862380833254, 271.42100908333254) [64, 61, 57]
(271.1686588249992, 271.42100908333254) [68]
(271.42100908333254, 271.6752827999992) [69]
(271.6752827999992, 271.9316932999992) [68]
(271.9316932999992, 272.19391140416593) [69]
(272.19391140416593, 272.49391140416594) [68]
(272.49391140416594, 272.77693040416597) [69, 66]
(272.49391140416594, 274.5829764041659) [38, 50]
(272.77693040416597, 273.04720090416595) [57]
(273.04720090416595, 273.30361140416596) [66, 62]
(273.30361140416596, 273.54951290416597) [57]
(273.54951290416597, 273.80161390416595) [67, 64]
(273.80161390416595, 274.0718844041659) [57]
(274.0718844041659, 274.3350424041659) [66, 69]
(274.3350424041659, 274.5829764041659) [62]
(274.5829764041659, 274.8309104041659) [74, 71]
(274.8309104041659, 275.0809104041659) [73, 69]
(275.0809104041659, 275.33514790416586) [71, 67]
(275.33514790416586, 275.58514790416586) [69, 66]
(275.58514790416586, 275.83308190416585) [67]
(275.58514790416586, 276.08518290416583) [47]
(275.83308190416585, 276.08518290416583) [62]
(276.08518290416583, 276.33518290416583) [69, 66]
(276.08518290416583, 276.5983409041658) [45]
(276.33518290416583, 276.5983409041658) [62]
(276.5983409041658, 276.8504419041658) [71, 67]
(276.5983409041658, 277.11359990416577) [43]
(276.8504419041658, 277.11359990416577) [62]
(277.11359990416577, 277.3767579041658) [66, 69]
(277.11359990416577, 277.6246919041658) [50]
(277.3767579041658, 277.6246919041658) [62]
(277.6246919041658, 277.8726259041658) [86, 74, 71]
(277.8726259041658, 278.1226259041658) [85, 73, 69]
(278.1226259041658, 278.37686340416576) [83, 71, 67]
(278.37686340416576, 278.62686340416576) [81, 69, 66]
(278.62686340416576, 278.87479740416575) [67, 64]
(278.62686340416576, 279.12689840416573) [79]
(278.87479740416575, 279.12689840416573) [62]
(279.12689840416573, 279.37689840416573) [69, 66]
(279.12689840416573, 279.6400564041657) [81]
(279.37689840416573, 279.6400564041657) [62]
(279.6400564041657, 279.8921574041657) [71, 67]
(279.6400564041657, 280.15531540416566) [83]
(279.8921574041657, 280.15531540416566) [62]
(280.15531540416566, 280.4184734041657) [66, 69]
(280.15531540416566, 280.6664074041657) [81]
(280.4184734041657, 280.6664074041657) [62]
(280.6664074041657, 280.91434140416567) [71, 67]
(280.91434140416567, 281.16434140416567) [69, 66]
(281.16434140416567, 281.41857890416566) [67, 64]
(281.41857890416566, 281.66857890416566) [66, 62]
(281.66857890416566, 281.91651290416564) [64, 61]
(281.66857890416566, 282.1686139041656) [45]
(281.91651290416564, 282.1686139041656) [57]
(282.1686139041656, 282.4186139041656) [69, 62]
(282.1686139041656, 282.6817719041656) [42]
(282.4186139041656, 282.6817719041656) [57]
(282.6817719041656, 282.9338729041656) [66, 62]
(282.6817719041656, 283.19703090416556) [38]
(282.9338729041656, 283.19703090416556) [57]
(283.19703090416556, 283.4601889041656) [61, 64]
(283.19703090416556, 283.7081229041656) [45]
(283.4601889041656, 283.7081229041656) [57]
(283.7081229041656, 283.95605690416556) [83, 71, 67]
(283.95605690416556, 284.20605690416556) [81, 69, 66]
(284.20605690416556, 284.46029440416555) [79, 67, 64]
(284.46029440416555, 284.64779440416555) [78]
(284.46029440416555, 284.71029440416555) [66, 62]
(284.64779440416555, 284.71029440416555) [80]
(284.71029440416555, 284.95619590416555) [64, 61]
(284.71029440416555, 285.0822464041656) [81]
(284.95619590416555, 285.20829690416554) [57]
(285.1452716541655, 285.20829690416554) [80]
(285.20829690416554, 285.45419840416554) [69, 66]
(285.20829690416554, 285.58024890416556) [81]
(285.45419840416554, 285.7062994041655) [57]
(285.6432741541655, 285.7062994041655) [80]
(285.7062994041655, 285.9542334041655) [66, 62]
(285.7062994041655, 286.0802839041655) [81]
(285.9542334041655, 286.2063344041655) [57]
(286.1433091541655, 286.2063344041655) [80]
(286.2063344041655, 286.46949240416546) [61, 64]
(286.2063344041655, 286.71742640416545) [81]
(286.46949240416546, 286.71742640416545) [69]
(286.71742640416545, 286.97383690416547) [59, 74]
(286.71742640416545, 287.95957590416543) [62]
(286.97383690416547, 287.22177090416545) [58, 73]
(287.22177090416545, 287.46567340416544) [59, 74]
(287.46567340416544, 287.71567340416544) [55, 71]
(287.71567340416544, 287.95957590416543) [69]
(287.71567340416544, 288.2138134041654) [54]
(287.95957590416543, 288.2138134041654) [57]
(288.2138134041654, 288.4577159041654) [64]
(288.2138134041654, 288.7141264041654) [52, 67]
(288.4577159041654, 288.7141264041654) [59]
(288.7141264041654, 288.9580289041654) [61]
(288.7141264041654, 289.2166494041654) [45, 64]
(288.9580289041654, 289.2166494041654) [57]
(289.2166494041654, 289.4645834041654) [66]
(289.2166494041654, 289.58519748749876) [62]
(289.2166494041654, 289.7277414041654) [50]
(289.4645834041654, 289.7277414041654) [69]
(289.7277414041654, 289.9841519041654) [86, 74, 71]
(289.9841519041654, 290.2320859041654) [85, 73, 70]
(290.2320859041654, 290.48418690416537) [86, 74, 71]
(290.48418690416537, 290.73418690416537) [83, 71, 67]
(290.73418690416537, 290.97808940416536) [69, 66]
(290.73418690416537, 291.23232690416535) [81]
(290.97808940416536, 291.23232690416535) [62]
(291.23232690416535, 291.47622940416534) [67, 64]
(291.23232690416535, 291.73263990416535) [79]
(291.47622940416534, 291.73263990416535) [59]
(291.73263990416535, 291.97654240416534) [64, 61]
(291.73263990416535, 292.23516290416535) [76]
(291.97654240416534, 292.23516290416535) [57]
(292.23516290416535, 292.48309690416534) [66, 62]
(292.23516290416535, 292.7373344041653) [74]
(292.48309690416534, 292.7373344041653) [69]
(292.7373344041653, 292.9812369041653) [69]
(292.7373344041653, 293.1062369041653) [59]
(292.7373344041653, 293.2312369041653) [43]
(292.9812369041653, 293.2312369041653) [67]
(293.2312369041653, 293.4771384041653) [64]
(293.2312369041653, 293.7313759041653) [45, 55]
(293.4771384041653, 293.7313759041653) [61]
(293.7313759041653, 293.9793099041653) [62]
(293.7313759041653, 294.2272439041653) [50, 54]
(293.9793099041653, 294.2272439041653) [66]
(294.2272439041653, 294.4772439041653) [69]
(294.2272439041653, 294.6054491541653) [59]
(294.2272439041653, 294.7336544041653) [43]
(294.4772439041653, 294.7336544041653) [67]
(294.7336544041653, 294.99006490416525) [64]
(294.7336544041653, 295.2532229041652) [45, 55]
(294.99006490416525, 295.2532229041652) [61]
(295.2532229041652, 295.87177990416524) [54, 50, 62]
(295.87177990416524, 296.18105840416524) [38]
(297.1088939041652, 297.1752655291652) [61]
(297.1752655291652, 297.2416371541652) [64]
(297.2416371541652, 298.1708399041652) [57, 45, 69]
(298.1708399041652, 298.64702990416515) [52, 40, 64]
(298.64702990416515, 298.89496390416514) [73]
(298.64702990416515, 299.1275219041651) [61, 49]
(298.89496390416514, 299.01124290416516) [74]
(299.01124290416516, 299.1275219041651) [71]
(299.1275219041651, 299.36752190416513) [57, 45, 69]
(300.0875219041651, 300.3275219041651) [73]
(300.3275219041651, 300.4475219041651) [74]
(300.4475219041651, 300.5675219041651) [71]
(300.5675219041651, 301.0596229041651) [69]
(301.0596229041651, 301.2958434041651) [66, 57, 85]
(301.5417449041651, 302.0141859041651) [69, 59, 75]
(302.0141859041651, 302.4866269041651) [68, 64]
(302.0141859041651, 302.7228474041651) [76]
(302.7228474041651, 302.93938286249846) [77]
(302.9590679041651, 303.18807540416515) [80]
(303.18807540416515, 303.42429590416515) [78]
(303.42429590416515, 303.6515684041652) [76]
(303.6515684041652, 303.8877889041652) [74]
(303.8877889041652, 304.1240094041652) [73]
(304.1240094041652, 304.3699109041652) [71]
(304.3699109041652, 304.6061314041652) [52, 69]
(304.6061314041652, 304.8423519041652) [62, 68]
(304.8423519041652, 305.0696244041652) [59, 76]
(305.0696244041652, 305.3003934041652) [62, 74]
(305.3003934041652, 305.5366139041652) [59]
(305.5366139041652, 305.7728344041652) [62]
(305.7728344041652, 306.0090549041652) [52, 71]
(306.0090549041652, 306.2452754041652) [61, 69]
(306.2452754041652, 306.47254790416525) [57, 78]
(306.47254790416525, 306.70510590416524) [61, 76]
(306.70510590416524, 306.9376639041653) [57]
(306.9376639041653, 307.1738844041653) [61]
(307.1738844041653, 307.4082594041653) [50, 73]
(307.4082594041653, 307.6355319041653) [59, 71]
(307.6355319041653, 307.8645394041653) [54, 79]
(307.8645394041653, 308.0989144041653) [59, 78]
(308.0989144041653, 308.3332894041653) [54]
(308.3332894041653, 308.5676644041653) [59]
(308.5676644041653, 309.0364144041653) [50, 66]
(309.0364144041653, 309.26197840416535) [76]
(309.26197840416535, 309.49453640416533) [74]
(309.49453640416533, 309.72709440416537) [73]
(309.72709440416537, 309.96518940416536) [71]
(309.96518940416536, 310.19956440416536) [69]
(309.96518940416536, 310.43393940416536) [62, 52]
(310.19956440416536, 310.43393940416536) [68]
(310.43393940416536, 310.91012940416533) [61, 57, 69]
(311.20774815416536, 311.26727190416534) [71]
(311.26727190416534, 311.3267956541654) [76]
(311.3267956541654, 311.38631940416536) [80]
(311.38631940416536, 311.62069440416536) [52]
(311.38631940416536, 312.79256940416536) [83]
(311.62069440416536, 311.85506940416536) [56]
(311.85506940416536, 312.08944440416536) [59]
(312.08944440416536, 312.32381940416536) [56]
(312.32381940416536, 312.55819440416536) [54]
(312.55819440416536, 312.79256940416536) [52]
(312.79256940416536, 312.90795390416537) [83]
(312.79256940416536, 313.0233384041654) [51]
(312.90795390416537, 313.0233384041654) [81]
(313.0233384041654, 313.1387229041654) [80]
(313.0233384041654, 313.2541074041654) [52]
(313.1387229041654, 313.24256895416534) [78]
(313.2541074041654, 313.3694919041654) [78]
(313.2541074041654, 313.4848764041654) [54]
(313.3694919041654, 313.4848764041654) [76]
(313.4848764041654, 313.60026090416534) [75]
(313.4848764041654, 313.71564540416534) [47]
(313.60026090416534, 313.71564540416534) [73]
(313.71564540416534, 313.83283290416534) [71]
(313.71564540416534, 313.95002040416534) [49]
(313.83283290416534, 313.95002040416534) [69]
(313.95002040416534, 314.06906790416537) [68]
(313.95002040416534, 314.18811540416533) [51]
(314.06906790416537, 314.18811540416533) [69]
(314.18811540416533, 314.30439440416535) [68]
(314.18811540416533, 314.4206734041653) [52]
(314.30439440416535, 314.4206734041653) [71]
(314.4206734041653, 314.53695240416533) [76]
(314.4206734041653, 314.65323140416535) [56]
(314.53695240416533, 314.65323140416535) [80]
(314.65323140416535, 314.8805039041654) [59]
(314.65323140416535, 315.56931440416537) [83]
(314.8805039041654, 315.10777640416535) [56]
(315.10777640416535, 315.33854540416536) [54]
(315.33854540416536, 315.56931440416537) [52]
(315.56931440416537, 315.6846989041654) [83]
(315.56931440416537, 315.8000834041654) [51]
(315.6846989041654, 315.8000834041654) [81]
(315.8000834041654, 315.9154679041653) [80]
(315.8000834041654, 316.03085240416533) [52]
(315.9154679041653, 316.0212370291654) [78]
(316.03085240416533, 316.14623690416533) [78]
(316.03085240416533, 316.26162140416534) [54]
(316.14623690416533, 316.26162140416534) [76]
(316.26162140416534, 316.37700590416534) [75]
(316.26162140416534, 316.49239040416535) [47]
(316.37700590416534, 316.49239040416535) [73]
(316.49239040416535, 316.60957790416535) [71]
(316.49239040416535, 316.72676540416535) [49]
(316.60957790416535, 316.72676540416535) [69]
(316.72676540416535, 316.84581290416537) [68]
(316.72676540416535, 316.96486040416534) [51]
(316.84581290416537, 316.96486040416534) [69]
(316.96486040416534, 317.08113940416536) [68]
(316.96486040416534, 317.42642590416534) [52]
(317.08113940416536, 317.1974184041653) [71]
(317.1974184041653, 317.3119221541653) [69]
(317.3119221541653, 317.42642590416534) [68]
(317.41974651874864, 317.53343337291534) [69]
(317.54006215416535, 317.65369840416537) [71]
(317.65369840416537, 317.7673346541653) [73]
(317.7673346541653, 317.88097090416534) [75]
(317.88097090416534, 317.99635540416534) [76]
(317.99635540416534, 318.11173990416535) [78]
(318.11173990416535, 318.22712440416535) [80]
(318.22712440416535, 318.34186787916536) [81]
(318.34186787916536, 318.4555041291654) [83]
(318.4555041291654, 318.5683146041654) [85]
(318.5683146041654, 318.6804512624987) [87]
(318.6804512624987, 318.7919216041654) [88]
(318.7919216041654, 318.9030326041654) [87]
(318.9030326041654, 319.0141436041654) [85]
(319.0141436041654, 319.1252546041654) [83]
(319.1252546041654, 319.2357708708321) [81]
(319.2357708708321, 319.3461766041654) [80]
(319.3461766041654, 319.45839785416536) [78]
(319.45839785416536, 319.5726440041654) [76]
(319.5726440041654, 319.6880285041654) [75]
(319.6880285041654, 319.9205865041654) [73]
(319.6880285041654, 320.1531445041654) [66, 57]
(320.0368655041654, 320.1531445041654) [85]
(320.1531445041654, 320.5831025041654) [76]
(320.1531445041654, 320.6559180041654) [68]
(320.1531445041654, 321.19645900416543) [59]
(320.5831025041654, 320.6559180041654) [80]
(320.6559180041654, 321.19645900416543) [69, 75, 78]
(321.19645900416543, 321.7370000041654) [68, 76, 64]
(321.70772069999873, 322.24826169999875) [52]
(322.7505143791654, 322.8776057541654) [64]
(322.81808200416543, 323.2347482541654) [76]
(323.2347482541654, 323.3528657541654) [66]
(323.2942720041654, 323.7044282541654) [78]
(323.7044282541654, 323.8220771291654) [67]
(323.7630220041654, 324.2451440041654) [79]
(324.2451440041654, 324.4813645041654) [54]
(324.2451440041654, 324.7175850041654) [71]
(324.4813645041654, 324.7175850041654) [61]
(324.7175850041654, 324.9501430041654) [66]
(324.7175850041654, 325.18270100416544) [70]
(324.9501430041654, 325.18270100416544) [64]
(325.18270100416544, 325.41707600416544) [62]
(325.41707600416544, 325.65901150416545) [61]
(325.5380437541654, 325.65901150416545) [70]
(325.65901150416545, 325.89523200416545) [54]
(325.65901150416545, 326.13145250416545) [73]
(325.89523200416545, 326.13145250416545) [62]
(326.13145250416545, 326.36222150416546) [66]
(326.13145250416545, 326.59299050416547) [71]
(326.36222150416546, 326.59299050416547) [62]
(326.59299050416547, 326.8292110041655) [61]
(326.8292110041655, 327.0654315041655) [59]
(326.94732125416544, 327.0654315041655) [71]
(327.0654315041655, 327.2944390041655) [54]
(327.0654315041655, 327.5306595041655) [74]
(327.2944390041655, 327.5306595041655) [58]
(327.5306595041655, 327.7668800041655) [64]
(327.5306595041655, 328.0031005041655) [73]
(327.7668800041655, 328.0031005041655) [61]
(328.0031005041655, 328.2393210041655) [59]
(328.2393210041655, 328.4755415041655) [58]
(328.3574312541655, 328.4755415041655) [73]
(328.4755415041655, 328.70281400416553) [76]
(328.4755415041655, 328.9409090041655) [59]
(328.70281400416553, 328.9409090041655) [74]
(328.9409090041655, 329.1716780041655) [77]
(329.1716780041655, 329.40789850416553) [76]
(329.40789850416553, 329.6404565041655) [79]
(329.6404565041655, 329.8766770041655) [77]
(329.8766770041655, 330.1074460041655) [52]
(329.8766770041655, 330.3436665041655) [69]
(330.1074460041655, 330.3436665041655) [59]
(330.3436665041655, 330.57267400416555) [64]
(330.3436665041655, 330.80344300416556) [68]
(330.57267400416555, 330.80344300416556) [62]
(330.80344300416556, 331.03781800416556) [60]
(331.03781800416556, 331.27975350416557) [59]
(331.15878575416554, 331.27975350416557) [68]
(331.27975350416557, 331.51597400416557) [52]
(331.27975350416557, 331.7521945041656) [71]
(331.51597400416557, 331.7521945041656) [60]
(331.7521945041656, 331.9829635041656) [64]
(331.7521945041656, 332.2137325041656) [69]
(331.9829635041656, 332.2137325041656) [60]
(332.2137325041656, 332.4499530041656) [59]
(332.4499530041656, 332.6861735041656) [57]
(332.56806325416557, 332.6861735041656) [69]
(332.6861735041656, 332.9223940041656) [52]
(332.6861735041656, 333.1586145041656) [72]
(332.9223940041656, 333.1586145041656) [56]
(333.1586145041656, 333.3911725041656) [62]
(333.1586145041656, 333.6237305041656) [71]
(333.3911725041656, 333.6237305041656) [59]
(333.6237305041656, 333.8599510041656) [57]
(333.8599510041656, 334.0961715041656) [56]
(333.9780612541656, 334.0961715041656) [71]
(334.0961715041656, 334.32694050416563) [74]
(334.0961715041656, 335.03202500416563) [57]
(334.32694050416563, 334.5650355041656) [72]
(334.5650355041656, 334.79580450416563) [71]
(334.79580450416563, 335.03202500416563) [69]
(335.03202500416563, 335.20644350416563) [81]
(335.03202500416563, 335.5008035041656) [55, 43]
(335.2645830041656, 335.44174837916563) [81]
(335.5008035041656, 335.7315725041656) [83]
(335.5008035041656, 336.44023400416563) [53, 41]
(335.7315725041656, 335.9677930041656) [81]
(335.9677930041656, 336.20401350416563) [79]
(336.20401350416563, 336.44023400416563) [77]
(336.44023400416563, 336.67645450416563) [76]
(336.67645450416563, 336.93286500416565) [75]
(336.93286500416565, 337.16724000416565) [57]
(336.93286500416565, 337.87036500416565) [84]
(336.93286500416565, 338.35817000416563) [53]
(337.16724000416565, 337.40161500416565) [56]
(337.40161500416565, 337.63599000416565) [57]
(337.63599000416565, 337.87036500416565) [60]
(337.87036500416565, 338.11426750416564) [59]
(337.87036500416565, 338.35817000416563) [75]
(338.11426750416564, 338.35817000416563) [57]
(338.35817000416563, 338.82692000416563) [56, 52]
(338.35817000416563, 339.06129500416563) [76]
(339.06129500416563, 339.1822627541656) [78]
(339.1822627541656, 339.2729885666656) [76]
(339.30323050416564, 339.4213407541656) [76]
(339.4213407541656, 339.53945100416564) [74]
(339.53945100416564, 339.66140225416564) [73]
(339.66140225416564, 339.79183700416564) [71]
(339.79183700416564, 339.85820862916563) [61]
(339.85820862916563, 339.9245802541656) [64]
(339.9245802541656, 340.8537830041656) [57, 45, 69]
(340.8537830041656, 341.3299730041656) [52, 40, 64]
(341.3299730041656, 341.5779070041656) [73]
(341.3299730041656, 341.81046500416556) [61, 49]
(341.5779070041656, 341.6941860041656) [74]
(341.6941860041656, 341.81046500416556) [71]
(341.81046500416556, 342.0504650041656) [57, 45, 69]
(342.77046500416554, 343.00762275416554) [73]
(343.00762275416554, 343.12762275416554) [74]
(343.12762275416554, 343.24762275416555) [71]
(343.24762275416555, 343.73972375416554) [69]
(343.73972375416554, 343.97594425416554) [66, 57, 85]
(344.22184575416554, 344.69428675416555) [69, 59, 75]
(344.69428675416555, 345.16672775416555) [68, 64]
(344.69428675416555, 345.40294825416555) [76]
(345.40294825416555, 345.6194837124989) [77]
(345.63916875416555, 345.8664412541656) [80]
(345.8664412541656, 346.1026617541656) [78]
(346.1026617541656, 346.3299342541656) [76]
(346.3299342541656, 346.5661547541656) [74]
(346.5661547541656, 346.79516225416563) [73]
(346.79516225416563, 347.04106375416563) [71]
(347.04106375416563, 347.27728425416564) [52, 69]
(347.27728425416564, 347.50629175416566) [62, 68]
(347.50629175416566, 347.7335642541657) [59, 76]
(347.7335642541657, 347.9643332541657) [62, 74]
(347.9643332541657, 348.2005537541657) [59]
(348.2005537541657, 348.4367742541657) [62]
(348.4367742541657, 348.6729947541657) [52, 71]
(348.6729947541657, 348.9055527541657) [61, 69]
(348.9055527541657, 349.1328252541657) [57, 78]
(349.1328252541657, 349.3653832541657) [61, 76]
(349.3653832541657, 349.59794125416573) [57]
(349.59794125416573, 349.83416175416573) [61]
(349.83416175416573, 350.06853675416573) [52, 71]
(350.06853675416573, 350.3124392541657) [61, 69]
(350.3124392541657, 350.54144675416575) [57, 81]
(350.54144675416575, 350.77582175416575) [61, 79]
(350.77582175416575, 351.01019675416575) [57]
(351.01019675416575, 351.24457175416575) [61]
(351.24457175416575, 351.47712975416573) [79]
(351.24457175416575, 351.71335025416573) [62, 57, 50]
(351.47712975416573, 351.71335025416573) [78]
(351.71335025416573, 351.94957075416573) [76]
(351.94957075416573, 352.18579125416574) [74]
(352.18579125416574, 352.42201175416574) [73]
(352.42201175416574, 352.66791325416574) [71]
(352.66791325416574, 352.7908640041657) [76]
(352.66791325416574, 353.0234220041657) [49]
(352.7908640041657, 352.8296236708324) [78]
(352.8296236708324, 352.86838333749904) [76]
(352.86838333749904, 352.90714300416573) [74]
(352.90714300416573, 353.0234220041657) [76]
(353.0234220041657, 353.1610367541657) [50, 78]
(353.1610367541657, 353.6488417541657) [61, 69]
(353.1610367541657, 354.1322911291657) [52]
(353.6488417541657, 354.1322911291657) [59, 68]
(354.0132436291657, 354.0727673791657) [69]
(354.0727673791657, 354.1322911291657) [73]
(354.1322911291657, 354.3666661291657) [57]
(354.1322911291657, 354.6010411291657) [76]
(354.3666661291657, 354.6010411291657) [61]
(354.6010411291657, 354.8335991291657) [64]
(354.6010411291657, 355.53490712916573) [76]
(354.8335991291657, 355.06615712916573) [61]
(355.06615712916573, 355.30053212916573) [59]
(355.30053212916573, 355.53490712916573) [57]
(355.53490712916573, 355.65029162916574) [76]
(355.53490712916573, 355.76567612916574) [56]
(355.65029162916574, 355.76567612916574) [74]
(355.76567612916574, 355.87931237916575) [73]
(355.76567612916574, 355.99294862916577) [57]
(355.87931237916575, 355.9844259104157) [71]
(355.99294862916577, 356.10745237916575) [71]
(355.99294862916577, 356.2219561291658) [59]
(356.10745237916575, 356.2219561291658) [69]
(356.2219561291658, 356.3364598791658) [68]
(356.2219561291658, 356.45096362916576) [52]
(356.3364598791658, 356.45096362916576) [66]
(356.45096362916576, 356.56815112916576) [64]
(356.45096362916576, 356.68533862916576) [54]
(356.56815112916576, 356.68533862916576) [62]
(356.68533862916576, 356.8043861291658) [61]
(356.68533862916576, 356.92343362916574) [56]
(356.8043861291658, 356.92343362916574) [62]
(356.92343362916574, 357.03971262916576) [61]
(356.92343362916574, 357.1559916291657) [57]
(357.03971262916576, 357.1559916291657) [64]
(357.1559916291657, 357.27227062916575) [69]
(357.1559916291657, 357.38854962916577) [61]
(357.27227062916575, 357.38854962916577) [73]
(357.38854962916577, 357.6158221291658) [64]
(357.38854962916577, 358.07386362916577) [76]
(357.6158221291658, 357.84309462916576) [61]
(357.84309462916576, 358.07386362916577) [59]
(358.07386362916577, 358.29405571666575) [88]
(358.07386362916577, 358.3046326291658) [57]
(358.3046326291658, 358.4182688791658) [88]
(358.3046326291658, 358.5319051291658) [56]
(358.4182688791658, 358.5319051291658) [86]
(358.5319051291658, 358.6464088791658) [85]
(358.5319051291658, 358.76091262916583) [57]
(358.6464088791658, 358.7523248479158) [83]
(358.76091262916583, 358.8754163791658) [83]
(358.76091262916583, 358.9899201291658) [59]
(358.8754163791658, 358.9899201291658) [81]
(358.9899201291658, 359.1044238791658) [80]
(358.9899201291658, 359.2189276291658) [52]
(359.1044238791658, 359.2189276291658) [78]
(359.2189276291658, 359.3361151291658) [76]
(359.2189276291658, 359.4533026291658) [54]
(359.3361151291658, 359.4533026291658) [74]
(359.4533026291658, 359.57235012916584) [73]
(359.4533026291658, 359.6913976291658) [56]
(359.57235012916584, 359.6913976291658) [74]
(359.6913976291658, 359.8076766291658) [73]
(359.6913976291658, 360.15651362916583) [57]
(359.8076766291658, 359.9239556291658) [76]
(359.9239556291658, 360.0402346291658) [74]
(360.0402346291658, 360.15651362916583) [73]
(360.15651362916583, 360.27014987916584) [74]
(360.15651362916583, 360.6110586291658) [57, 54]
(360.27014987916584, 360.38378612916586) [76]
(360.38378612916586, 360.4974223791658) [78]
(360.4974223791658, 360.6110586291658) [80]
(360.6110586291658, 360.72644312916583) [81]
(360.6110586291658, 361.07195560416585) [57, 54, 50]
(360.72644312916583, 360.84182762916583) [83]
(360.84182762916583, 360.95721212916584) [85]
(360.95721212916584, 361.07195560416585) [86]
(361.07195560416585, 361.18559185416586) [88]
(361.07195560416585, 361.5220093291659) [57, 52, 49]
(361.18559185416586, 361.29840232916587) [86]
(361.29840232916587, 361.4105389874992) [85]
(361.4105389874992, 361.5220093291659) [83]
(361.5220093291659, 361.6331203291659) [81]
(361.6331203291659, 361.74423132916587) [80]
(361.74423132916587, 361.85534232916586) [78]
(361.85534232916586, 361.9658585958326) [76]
(361.9658585958326, 362.0762643291659) [74]
(362.0762643291659, 362.18848557916584) [73]
(362.18848557916584, 362.3027317291659) [71]
(362.3027317291659, 362.43909547916587) [69]
(362.43909547916587, 362.5231291458325) [78]
(362.43909547916587, 362.9432974791659) [59, 50]
(362.5231291458325, 362.6071628124992) [80]
(362.6071628124992, 362.69119647916585) [78]
(362.69119647916585, 362.75422172916586) [77]
(362.75422172916586, 362.8172469791659) [78]
(362.8172469791659, 362.8802722291659) [80]
(362.8802722291659, 362.9432974791659) [81]
(362.9432974791659, 363.4074172291659) [69]
(362.9432974791659, 363.4802327291659) [61]
(362.9432974791659, 364.1052327291659) [52]
(363.4074172291659, 363.4802327291659) [73]
(363.4802327291659, 364.1052327291659) [62, 71, 68]
(364.1052327291659, 364.7948877291659) [61, 57, 69]
(364.7948877291659, 365.6399577291659) [45]
