(0.39735100000000007, 0.49668875000000007) [71]
(0.49668875000000007, 0.5960265) [69]
(0.5960265, 0.69536425) [68]
(0.69536425, 0.8081462500000001) [69]
(0.8081462500000001, 0.9074840000000001) [57, 72]
(1.00682175, 1.1061595) [60, 64]
(1.2189415, 1.3189415) [64, 60, 74]
(1.3189415, 1.4189414999999999) [72]
(1.4189414999999999, 1.5189415) [64, 60, 71]
(1.5189415, 1.6325777499999998) [72]
(1.6325777499999998, 1.7319155) [57, 76]
(1.8312532499999998, 1.9305909999999997) [60, 64]
(2.040885, 2.14022275) [60, 64, 77]
(2.14022275, 2.2395605) [76]
(2.2395605, 2.3388982499999997) [60, 64, 75]
(2.3388982499999997, 2.443065) [76]
(2.443065, 2.54240275) [57, 83]
(2.54240275, 2.6417405) [81]
(2.6417405, 2.7410782499999997) [60, 64, 80]
(2.7410782499999997, 2.840416) [81]
(2.840416, 2.94176725) [57, 83]
(2.94176725, 3.0431185) [81]
(3.0431185, 3.14446975) [60, 64, 80]
(3.14446975, 3.2589734999999997) [81]
(3.2589734999999997, 3.3610142499999998) [57]
(3.2589734999999997, 3.685717) [84]
(3.4630549999999998, 3.569438) [60, 64]
(3.685717, 3.78505475) [60, 64, 81]
(3.8843925, 3.99153525) [60, 64, 84]
(4.06435075, 4.0866721875) [79]
(4.0866721875, 4.108993625) [81]
(4.108993625, 4.2103448750000005) [52, 83]
(4.311696125, 4.413047375) [59, 78, 81, 64]
(4.514398625, 4.613736375) [59, 76, 79, 64]
(4.713074125, 4.820216875000001) [59, 78, 81, 64]
(4.891645500000001, 4.914100562500001) [79]
(4.914100562500001, 4.936555625000001) [81]
(4.936555625000001, 5.037906875000001) [52, 83]
(5.139258125000001, 5.240609375000002) [59, 78, 81, 64]
(5.341960625000001, 5.4412983750000015) [59, 76, 79, 64]
(5.540636125000002, 5.648549875000001) [59, 78, 81, 64]
(5.717357250000001, 5.739546625000001) [79]
(5.739546625000001, 5.786903812500001) [81]
(5.761736000000001, 5.862407250000001) [52, 83]
(5.963078500000001, 6.063749750000001) [59, 78, 81, 64]
(6.164421000000001, 6.273910000000001) [47, 79, 76]
(6.383399000000001, 6.499678) [59, 78, 75]
(6.615957000000001, 7.073274187500001) [52, 76]
(7.103762000000001, 7.203099750000001) [71]
(7.203099750000001, 7.302437500000001) [69]
(7.302437500000001, 7.401775250000001) [68]
(7.401775250000001, 7.514557250000001) [69]
(7.514557250000001, 7.613895000000001) [57, 72]
(7.713232750000001, 7.812570500000001) [60, 64]
(7.925352500000002, 8.025352500000002) [64, 60, 74]
(8.025352500000002, 8.125352500000002) [72]
(8.125352500000002, 8.225352500000001) [64, 60, 71]
(8.225352500000001, 8.338988750000002) [72]
(8.338988750000002, 8.438326500000002) [57, 76]
(8.537664250000002, 8.637002000000003) [60, 64]
(8.747296000000002, 8.846633750000002) [60, 64, 77]
(8.846633750000002, 8.945971500000002) [76]
(8.945971500000002, 9.045309250000003) [60, 64, 75]
(9.045309250000003, 9.149476000000002) [76]
(9.149476000000002, 9.248813750000002) [57, 83]
(9.248813750000002, 9.348151500000002) [81]
(9.348151500000002, 9.447489250000002) [60, 64, 80]
(9.447489250000002, 9.546827000000002) [81]
(9.546827000000002, 9.648178250000003) [57, 83]
(9.648178250000003, 9.749529500000001) [81]
(9.749529500000001, 9.850880750000002) [60, 64, 80]
(9.850880750000002, 9.965384500000003) [81]
(9.965384500000003, 10.067425250000003) [57]
(9.965384500000003, 10.392128000000003) [84]
(10.169466000000003, 10.275849000000003) [60, 64]
(10.392128000000003, 10.491465750000003) [60, 64, 81]
(10.590803500000003, 10.697946250000003) [60, 64, 84]
(10.770761750000004, 10.793083187500004) [79]
(10.793083187500004, 10.815404625000003) [81]
(10.815404625000003, 10.916755875000003) [52, 83]
(11.018107125000004, 11.119458375000002) [59, 78, 81, 64]
(11.220809625000003, 11.320147375000003) [59, 76, 79, 64]
(11.419485125000003, 11.526627875000003) [59, 78, 81, 64]
(11.598056500000002, 11.620511562500003) [79]
(11.620511562500003, 11.642966625000001) [81]
(11.642966625000001, 11.744317875000002) [52, 83]
(11.845669125, 11.947020375000001) [59, 78, 81, 64]
(12.048371625000001, 12.147709375000002) [59, 76, 79, 64]
(12.247047125000002, 12.354960875000002) [59, 78, 81, 64]
(12.423768250000002, 12.445957625000002) [79]
(12.445957625000002, 12.493147000000002) [81]
(12.468147000000002, 12.568147000000002) [52, 83]
(12.668147000000001, 12.768147000000003) [59, 78, 81, 64]
(12.868147000000002, 12.976842750000003) [47, 79, 76]
(13.085538500000002, 13.208489250000001) [59, 78, 75]
(13.331440000000002, 13.764131875000002) [52, 76]
(13.792978000000002, 13.901673750000002) [76, 72]
(14.010369500000001, 14.1167525) [77, 74]
(14.223135500000001, 14.32730225) [48, 79, 76]
(14.431469000000002, 14.53563575) [60, 79, 76]
(14.639802500000002, 14.742542250000001) [52, 81]
(14.742542250000001, 14.845282000000001) [79]
(14.845282000000001, 14.953042875000001) [64, 77]
(14.953042875000001, 15.065824875000002) [76]
(15.065824875000002, 15.281652375000002) [71]
(15.065824875000002, 15.499234191666668) [55, 74]
(15.281652375000002, 15.499234191666668) [67]
(15.499234191666668, 15.607929941666669) [76, 72]
(15.716625691666668, 15.823008691666667) [77, 74]
(15.929391691666668, 16.033558441666667) [48, 79, 76]
(16.137725191666668, 16.24189194166667) [60, 79, 76]
(16.346058691666666, 16.448798441666668) [52, 81]
(16.448798441666668, 16.551538191666666) [79]
(16.551538191666666, 16.65929906666667) [64, 77]
(16.65929906666667, 16.77208106666667) [76]
(16.77208106666667, 17.205490383333334) [55, 71, 74]
(17.205490383333334, 17.319126633333333) [72, 69]
(17.432762883333336, 17.539145883333337) [74, 71]
(17.645528883333334, 17.749695633333335) [45, 76, 72]
(17.853862383333333, 17.958029133333334) [57, 76, 72]
(18.062195883333334, 18.164935633333336) [48, 77]
(18.164935633333336, 18.267675383333334) [76]
(18.267675383333334, 18.375436258333337) [60, 74]
(18.375436258333337, 18.488218258333337) [72]
(18.488218258333337, 18.704045758333336) [68]
(18.488218258333337, 18.919873258333336) [52, 71]
(18.704045758333336, 18.919873258333336) [64]
(18.919873258333336, 19.028569008333335) [72, 69]
(19.137264758333338, 19.24364775833334) [74, 71]
(19.350030758333336, 19.454197508333337) [45, 76, 72]
(19.558364258333334, 19.662531008333335) [57, 76, 72]
(19.766697758333336, 19.869437508333338) [48, 77]
(19.869437508333338, 19.972177258333335) [76]
(19.972177258333335, 20.07993813333334) [60, 74]
(20.07993813333334, 20.19272013333334) [72]
(20.19272013333334, 20.624375133333338) [52, 68, 71]
(20.624375133333338, 20.723712883333338) [71]
(20.723712883333338, 20.823050633333338) [69]
(20.823050633333338, 20.922388383333338) [68]
(20.922388383333338, 21.035170383333337) [69]
(21.035170383333337, 21.134508133333338) [57, 72]
(21.233845883333338, 21.333183633333338) [60, 64]
(21.445965633333337, 21.54596563333334) [64, 60, 74]
(21.54596563333334, 21.645965633333336) [72]
(21.645965633333336, 21.745965633333338) [64, 60, 71]
(21.745965633333338, 21.859601883333337) [72]
(21.859601883333337, 21.958939633333337) [57, 76]
(22.058277383333337, 22.157615133333337) [60, 64]
(22.267909133333337, 22.367246883333337) [60, 64, 77]
(22.367246883333337, 22.466584633333337) [76]
(22.466584633333337, 22.565922383333337) [60, 64, 75]
(22.565922383333337, 22.670089133333338) [76]
(22.670089133333338, 22.77008913333334) [57, 83]
(22.77008913333334, 22.870089133333337) [81]
(22.870089133333337, 22.97008913333334) [60, 64, 80]
(22.97008913333334, 23.070089133333337) [81]
(23.070089133333337, 23.173537383333336) [57, 83]
(23.173537383333336, 23.276985633333336) [81]
(23.276985633333336, 23.380433883333335) [60, 64, 80]
(23.380433883333335, 23.508639133333336) [81]
(23.508639133333336, 23.610679883333336) [53]
(23.508639133333336, 23.935382633333337) [84]
(23.712720633333337, 23.819103633333338) [57, 63]
(23.935382633333337, 24.038122383333338) [57, 63, 81]
(24.140862133333336, 24.248004883333337) [57, 63, 83]
(24.355147633333335, 24.456498883333335) [52, 84]
(24.557850133333336, 24.659201383333336) [57, 64, 83]
(24.760552633333333, 24.859890383333333) [50, 81]
(24.959228133333333, 25.066370883333335) [53, 59, 80]
(25.173513633333332, 25.274864883333333) [48, 81]
(25.376216133333333, 25.477567383333334) [52, 57, 76]
(25.57891863333333, 25.67825638333333) [50]
(25.582229891666664, 25.681567641666664) [77]
(25.77759413333333, 25.885507883333332) [53, 59, 74]
(25.99342163333333, 26.09616138333333) [57, 52]
(25.99342163333333, 26.40438063333333) [72]
(26.19890113333333, 26.30164088333333) [52, 57]
(26.400099810416663, 26.508547393749996) [52]
(26.40438063333333, 26.45872850833333) [71]
(26.40438063333333, 26.513076383333328) [56]
(26.45872850833333, 26.513076383333328) [72]
(26.513076383333328, 26.56742425833333) [71]
(26.56742425833333, 26.62177213333333) [72]
(26.62177213333333, 26.62553153333333) [71]
(26.62177213333333, 26.7359954875) [56, 52]
(26.65936613333333, 26.696889987499997) [72]
(26.696889987499997, 26.7359954875) [71]
(26.7359954875, 26.803052216666664) [69]
(26.803052216666664, 26.8788501125) [71]
(26.8788501125, 27.32176355) [57, 69]
(26.8788501125, 27.3512911125) [45]
(27.3512911125, 27.4599868625) [76, 72]
(27.5686826125, 27.675065612500003) [77, 74]
(27.7814486125, 27.8856153625) [48, 79, 76]
(27.9897821125, 28.0939488625) [60, 79, 76]
(28.1981156125, 28.300855362500002) [52, 81]
(28.300855362500002, 28.4035951125) [79]
(28.4035951125, 28.511355987500004) [64, 77]
(28.511355987500004, 28.624137987500003) [76]
(28.624137987500003, 28.839965487500002) [71]
(28.624137987500003, 29.05754730416667) [55, 74]
(28.839965487500002, 29.05754730416667) [67]
(29.05754730416667, 29.166243054166667) [76, 72]
(29.27493880416667, 29.38132180416667) [77, 74]
(29.48770480416667, 29.59187155416667) [48, 79, 76]
(29.696038304166667, 29.800205054166668) [60, 79, 76]
(29.90437180416667, 30.00711155416667) [52, 81]
(30.00711155416667, 30.109851304166668) [79]
(30.109851304166668, 30.21761217916667) [64, 77]
(30.21761217916667, 30.33039417916667) [76]
(30.33039417916667, 30.763803495833336) [55, 71, 74]
(30.763803495833336, 30.877439745833335) [72, 69]
(30.991075995833338, 31.09745899583334) [74, 71]
(31.203841995833336, 31.308008745833337) [45, 76, 72]
(31.412175495833335, 31.516342245833336) [57, 76, 72]
(31.620508995833337, 31.723248745833338) [48, 77]
(31.723248745833338, 31.825988495833336) [76]
(31.825988495833336, 31.93374937083334) [60, 74]
(31.93374937083334, 32.046531370833335) [72]
(32.046531370833335, 32.26235887083334) [68]
(32.046531370833335, 32.478186370833335) [52, 71]
(32.26235887083334, 32.478186370833335) [64]
(32.478186370833335, 32.58688212083334) [72, 69]
(32.69557787083333, 32.801960870833334) [74, 71]
(32.908343870833335, 33.01251062083333) [45, 76, 72]
(33.11667737083334, 33.220844120833334) [57, 76, 72]
(33.32501087083333, 33.42775062083333) [48, 77]
(33.42775062083333, 33.530490370833334) [76]
(33.530490370833334, 33.63825124583333) [60, 74]
(33.63825124583333, 33.751033245833334) [72]
(33.751033245833334, 34.18268824583333) [52, 68, 71]
(34.18268824583333, 34.28202599583333) [71]
(34.28202599583333, 34.38136374583333) [69]
(34.38136374583333, 34.48070149583333) [68]
(34.48070149583333, 34.59348349583333) [69]
(34.59348349583333, 34.69282124583333) [57, 72]
(34.79215899583333, 34.89149674583333) [60, 64]
(35.00427874583333, 35.104278745833334) [64, 60, 74]
(35.104278745833334, 35.204278745833335) [72]
(35.204278745833335, 35.30427874583333) [64, 60, 71]
(35.30427874583333, 35.41791499583333) [72]
(35.41791499583333, 35.517252745833325) [57, 76]
(35.61659049583333, 35.715928245833325) [60, 64]
(35.82622224583333, 35.925559995833325) [60, 64, 77]
(35.925559995833325, 36.02489774583333) [76]
(36.02489774583333, 36.124235495833325) [60, 64, 75]
(36.124235495833325, 36.22840224583332) [76]
(36.22840224583332, 36.328402245833324) [57, 83]
(36.328402245833324, 36.428402245833325) [81]
(36.428402245833325, 36.52840224583332) [60, 64, 80]
(36.52840224583332, 36.62840224583332) [81]
(36.62840224583332, 36.73185049583332) [57, 83]
(36.73185049583332, 36.83529874583332) [81]
(36.83529874583332, 36.93874699583332) [60, 64, 80]
(36.93874699583332, 37.06695224583332) [81]
(37.06695224583332, 37.16899299583332) [53]
(37.06695224583332, 37.49369574583332) [84]
(37.27103374583332, 37.37741674583332) [57, 63]
(37.49369574583332, 37.59643549583332) [57, 63, 81]
(37.699175245833324, 37.806317995833325) [57, 63, 83]
(37.913460745833326, 38.01481199583333) [52, 84]
(38.11616324583333, 38.21751449583333) [57, 64, 83]
(38.31886574583333, 38.418203495833325) [50, 81]
(38.51754124583333, 38.62468399583333) [53, 59, 80]
(38.73182674583333, 38.83317799583333) [48, 81]
(38.93452924583333, 39.03588049583333) [52, 57, 76]
(39.13723174583333, 39.23656949583333) [50]
(39.140543004166666, 39.23988075416666) [77]
(39.33590724583333, 39.443820995833335) [53, 59, 74]
(39.551734745833336, 39.654474495833334) [57, 52]
(39.551734745833336, 39.962693745833334) [72]
(39.75721424583334, 39.85995399583334) [52, 57]
(39.95841292291667, 40.06686050625) [52]
(39.962693745833334, 40.01704162083333) [71]
(39.962693745833334, 40.07138949583334) [56]
(40.01704162083333, 40.07138949583334) [72]
(40.07138949583334, 40.125737370833335) [71]
(40.125737370833335, 40.18008524583333) [72]
(40.18008524583333, 40.18384464583333) [71]
(40.18008524583333, 40.2943086) [56, 52]
(40.21767924583333, 40.2552031) [72]
(40.2552031, 40.2943086) [71]
(40.2943086, 40.36136532916667) [69]
(40.36136532916667, 40.43716322499999) [71]
(40.43716322499999, 40.880076662499995) [57, 69]
(40.43716322499999, 40.909604224999995) [45]
(40.909604224999995, 41.015237975) [81, 69]
(41.12087172499999, 41.228785474999995) [83, 71]
(41.228785474999995, 41.26475672499999) [45]
(41.26475672499999, 41.300727974999994) [49]
(41.300727974999994, 41.336699225) [52]
(41.336699225, 41.438739975) [57]
(41.336699225, 41.752048224999996) [85, 73]
(41.540780725, 41.646414475) [57]
(41.752048224999996, 41.855496474999995) [57, 81, 69]
(41.958944724999995, 42.064578475) [57, 83, 71]
(42.064578475, 42.099789724999994) [45]
(42.099789724999994, 42.135000975) [49]
(42.135000975, 42.17021222499999) [52]
(42.17021222499999, 42.272252974999994) [57, 85, 73]
(42.374293724999994, 42.47703347499999) [57, 83, 71]
(42.579773225, 42.682512974999995) [57, 81, 69]
(42.78525272499999, 42.897192974999996) [57, 80, 68]
(42.897192974999996, 42.93450639166666) [38]
(42.93450639166666, 42.97181980833333) [42]
(42.97181980833333, 43.00913322499999) [45]
(43.00913322499999, 43.11187297499999) [50, 78, 66]
(43.214612724999995, 43.319507724999994) [50, 80, 68]
(43.319507724999994, 43.354472724999994) [39]
(43.354472724999994, 43.38943772499999) [42]
(43.38943772499999, 43.42440272499999) [45]
(43.42440272499999, 43.52714247499999) [51, 81, 69]
(43.629882224999996, 43.741822475) [51, 83, 71]
(43.741822475, 43.77913589166666) [40]
(43.77913589166666, 43.81644930833333) [44]
(43.81644930833333, 43.853762724999996) [47]
(43.853762724999996, 44.066528725) [52, 80, 68]
(44.066528725, 44.180164975) [52, 76, 64]
(44.293801224999996, 44.39796797499999) [81, 69]
(44.502134725, 44.607029725) [83, 71]
(44.607029725, 44.641994724999996) [45]
(44.641994724999996, 44.676959724999996) [49]
(44.676959724999996, 44.711924724999996) [52]
(44.711924724999996, 44.813965474999996) [57]
(44.711924724999996, 45.125796224999995) [85, 73]
(44.916006225, 45.020901224999996) [57]
(45.125796224999995, 45.227836974999995) [57, 81, 69]
(45.329877724999996, 45.435511475) [57, 83, 71]
(45.435511475, 45.470722724999995) [45]
(45.470722724999995, 45.505933975) [49]
(45.505933975, 45.541145224999994) [52]
(45.541145224999994, 45.64388497499999) [57, 85, 73]
(45.746624725, 45.850072974999996) [57, 83, 71]
(45.953521224999996, 46.05768797499999) [57, 81, 69]
(46.161854725, 46.270550475) [57, 80, 68]
(46.270550475, 46.306782391666665) [38]
(46.306782391666665, 46.34301430833333) [42]
(46.34301430833333, 46.379246224999996) [45]
(46.379246224999996, 46.482694474999995) [50, 78, 66]
(46.586142724999995, 46.694838475) [50, 83, 71]
(46.694838475, 46.73107039166666) [40]
(46.73107039166666, 46.76730230833333) [44]
(46.76730230833333, 46.80353422499999) [47]
(46.80353422499999, 46.916316224999996) [52, 80, 68]
(47.02909822499999, 47.14537722499999) [52, 76, 64]
(47.26165622499999, 47.68458872499999) [45, 81, 69]
(47.712784224999986, 47.81841797499999) [81, 69]
(47.924051724999984, 48.031965474999986) [83, 71]
(48.031965474999986, 48.06793672499998) [45]
(48.06793672499998, 48.103907974999984) [49]
(48.103907974999984, 48.13987922499999) [52]
(48.13987922499999, 48.24191997499999) [57]
(48.13987922499999, 48.555228224999986) [85, 73]
(48.34396072499999, 48.44959447499999) [57]
(48.555228224999986, 48.658676474999986) [57, 81, 69]
(48.762124724999985, 48.868507724999986) [57, 83, 71]
(48.868507724999986, 48.903968724999984) [45]
(48.903968724999984, 48.93942972499998) [49]
(48.93942972499998, 48.97489072499999) [52]
(48.97489072499999, 49.07693147499999) [57, 85, 73]
(49.17897222499999, 49.28386722499999) [57, 83, 71]
(49.38876222499999, 49.491501974999984) [57, 81, 69]
(49.59424172499999, 49.70138447499999) [57, 80, 68]
(49.70138447499999, 49.73709872499999) [38]
(49.73709872499999, 49.77281297499999) [42]
(49.77281297499999, 49.80852722499999) [45]
(49.80852722499999, 49.91126697499999) [50, 78, 66]
(50.014006724999994, 50.121920474999996) [50, 80, 68]
(50.121920474999996, 50.15789172499999) [39]
(50.15789172499999, 50.193862974999995) [42]
(50.193862974999995, 50.229834225) [45]
(50.229834225, 50.334000974999995) [51, 81, 69]
(50.438167725, 50.547656725) [51, 83, 71]
(50.547656725, 50.584153058333335) [40]
(50.584153058333335, 50.62064939166667) [44]
(50.62064939166667, 50.657145725) [47]
(50.657145725, 50.869911725) [52, 80, 68]
(50.869911725, 50.980205725000005) [52, 76, 64]
(51.090499725, 51.196882725) [81, 69]
(51.303265725, 51.408160725) [83, 71]
(51.408160725, 51.443125725) [45]
(51.443125725, 51.478090725) [49]
(51.478090725, 51.513055725) [52]
(51.513055725, 51.615096475) [57]
(51.513055725, 51.926927225) [85, 73]
(51.717137225, 51.822032225) [57]
(51.926927225, 52.028967975) [57, 81, 69]
(52.131008725, 52.238922475) [57, 83, 71]
(52.238922475, 52.274893725) [45]
(52.274893725, 52.310864975) [49]
(52.310864975, 52.346836225000004) [52]
(52.346836225000004, 52.449575975) [57, 85, 73]
(52.55231572500001, 52.655763975000006) [57, 83, 71]
(52.759212225000006, 52.863378975) [57, 81, 69]
(52.96754572500001, 53.07624147500001) [57, 80, 68]
(53.07624147500001, 53.112473391666676) [38]
(53.112473391666676, 53.14870530833334) [42]
(53.14870530833334, 53.184937225000006) [45]
(53.184937225000006, 53.288385475000005) [50, 78, 66]
(53.391833725000005, 53.505469975000004) [50, 83, 71]
(53.505469975000004, 53.54334872500001) [40]
(53.54334872500001, 53.581227475000006) [44]
(53.581227475000006, 53.619106225) [47]
(53.619106225, 53.731888225000006) [52, 80, 68]
(53.844670225, 53.960949225) [52, 76, 64]
(54.077228225, 54.50039385833333) [45, 81, 69]
(54.52919732083333, 54.64673457083333) [85]
(54.63663297083333, 54.74782819583333) [86]
(54.73733869583333, 54.85310327083333) [85]
(54.84223369583333, 54.96164372083333) [83]
(54.95092944583333, 55.05807219583333) [54]
(54.95092944583333, 55.06878647083333) [81]
(55.05807219583333, 55.17555977083333) [83]
(55.165214945833334, 55.268663195833334) [57, 61]
(55.165214945833334, 55.27900802083333) [81]
(55.268663195833334, 55.38267482083333) [80]
(55.37211144583333, 55.477745195833336) [57, 61]
(55.37211144583333, 55.48830857083333) [78]
(55.477745195833336, 55.59401724583333) [81]
(55.58337894583333, 55.68976194583333) [57, 61]
(55.58337894583333, 55.70040024583333) [80]
(55.68976194583333, 55.806561620833335) [78]
(55.79614494583333, 55.90031169583333) [56]
(55.79614494583333, 55.91072837083333) [77]
(55.90031169583333, 56.014967945833334) [78]
(56.004478445833335, 56.109373445833334) [59, 61]
(56.004478445833335, 56.11986294583333) [80]
(56.109373445833334, 56.22475794583333) [77]
(56.21426844583333, 56.31916344583333) [59, 61]
(56.21426844583333, 56.32965294583334) [73]
(56.31916344583333, 56.434621820833335) [75]
(56.42405844583334, 56.52969219583334) [59, 61]
(56.42405844583334, 56.54025557083334) [77]
(56.52969219583334, 56.64588932083334) [73]
(56.63532594583334, 56.74095969583334) [54]
(56.63532594583334, 56.751523070833336) [78]
(56.74095969583334, 56.85708294583334) [77]
(56.84659344583334, 56.95148844583334) [57, 61]
(56.84659344583334, 56.96197794583334) [78]
(56.95148844583334, 57.06687294583334) [80]
(57.05638344583334, 57.16127844583334) [57, 61]
(57.05638344583334, 57.171767945833345) [81]
(57.16127844583334, 57.27673682083334) [80]
(57.266173445833346, 57.37180719583335) [57, 61]
(57.266173445833346, 57.382370570833345) [81]
(57.37180719583335, 57.487857620833346) [83]
(57.477440945833344, 57.58160769583334) [53]
(57.477440945833344, 57.59202437083334) [85]
(57.58160769583334, 57.69597852083334) [84]
(57.685774445833346, 57.787815195833346) [56, 61]
(57.685774445833346, 57.79801927083334) [85]
(57.787815195833346, 57.88985594583335) [84]
(57.88985594583335, 57.994022695833344) [56, 61]
(57.88985594583335, 58.004439370833346) [85]
(57.994022695833344, 58.108827745833345) [86]
(58.09818944583335, 58.20457244583335) [56, 61]
(58.09818944583335, 58.21593607083335) [85]
(58.20457244583335, 58.32869819583335) [83]
(58.31820869583335, 58.42310369583335) [54]
(58.31820869583335, 58.433593195833346) [81]
(58.42310369583335, 58.538343520833344) [83]
(58.52799869583335, 58.631446945833346) [57, 61]
(58.52799869583335, 58.64179177083334) [81]
(58.631446945833346, 58.74531187083335) [80]
(58.734895195833346, 58.83906194583334) [57, 61]
(58.734895195833346, 58.849478620833345) [78]
(58.83906194583334, 58.953866995833344) [81]
(58.94322869583335, 59.04961169583335) [57, 61]
(58.94322869583335, 59.060249995833345) [80]
(59.04961169583335, 59.166632995833346) [78]
(59.15599469583335, 59.26237769583335) [56]
(59.15599469583335, 59.27301599583335) [76]
(59.26237769583335, 59.37917737083335) [78]
(59.368760695833345, 59.47292744583334) [61, 64]
(59.368760695833345, 59.483344120833344) [80]
(59.47292744583334, 59.587583695833345) [76]
(59.57709419583335, 59.681989195833346) [61, 64]
(59.57709419583335, 59.692478695833344) [73]
(59.681989195833346, 59.79759847083334) [75]
(59.786884195833345, 59.894026945833346) [61, 64]
(59.786884195833345, 59.904741220833344) [76]
(59.894026945833346, 60.011659195833346) [73]
(60.00116969583335, 60.106064695833346) [56]
(60.00116969583335, 60.116554195833345) [75]
(60.106064695833346, 60.221449195833344) [76]
(60.210959695833346, 60.315854695833345) [63, 66]
(60.210959695833346, 60.32634419583335) [78]
(60.315854695833345, 60.43123919583335) [75]
(60.42074969583335, 60.526735720833344) [66, 63]
(60.42074969583335, 60.53737402083335) [72]
(60.526735720833344, 60.64441753333334) [73]
(60.633626158333335, 60.741996075) [66, 63]
(60.633626158333335, 60.753714825) [75]
(60.741996075, 60.870053150000004) [72]
(60.859183575, 61.266792637500004) [73, 64, 61]
(61.295519337500004, 61.416924816666665) [85]
(61.406614920833334, 61.51819081666666) [86]
(61.50770131666666, 61.62346589166666) [85]
(61.61259631666666, 61.73208344166666) [83]
(61.72129206666666, 61.829205816666665) [54]
(61.72129206666666, 61.83999719166666) [81]
(61.829205816666665, 61.94768294166666) [83]
(61.93711956666667, 62.04275331666667) [57, 61]
(61.93711956666667, 62.053316691666666) [81]
(62.04275331666667, 62.15895044166667) [80]
(62.148387066666665, 62.25402081666667) [57, 61]
(62.148387066666665, 62.264584191666664) [78]
(62.25402081666667, 62.37029286666667) [81]
(62.35965456666667, 62.46603756666667) [57, 61]
(62.35965456666667, 62.47667586666667) [80]
(62.46603756666667, 62.58321194166667) [78]
(62.57242056666667, 62.68033431666667) [56]
(62.57242056666667, 62.69112569166667) [77]
(62.68033431666667, 62.798737566666674) [78]
(62.788248066666675, 62.893143066666674) [59, 61]
(62.788248066666675, 62.90363256666667) [80]
(62.893143066666674, 63.00852756666667) [77]
(62.99803806666667, 63.10293306666667) [59, 61]
(62.99803806666667, 63.11342256666668) [73]
(63.10293306666667, 63.218391441666675) [75]
(63.20782806666668, 63.31346181666668) [59, 61]
(63.20782806666668, 63.32402519166668) [77]
(63.31346181666668, 63.42965894166668) [73]
(63.41909556666668, 63.52472931666668) [54]
(63.41909556666668, 63.535292691666676) [78]
(63.52472931666668, 63.64085256666668) [77]
(63.63036306666668, 63.73525806666668) [57, 61]
(63.63036306666668, 63.74574756666668) [78]
(63.73525806666668, 63.85064256666668) [80]
(63.84015306666668, 63.94504806666668) [57, 61]
(63.84015306666668, 63.955537566666685) [81]
(63.94504806666668, 64.06050644166669) [80]
(64.04994306666669, 64.15557681666668) [57, 61]
(64.04994306666669, 64.16614019166668) [81]
(64.15557681666668, 64.27184886666669) [83]
(64.26121056666669, 64.36759356666668) [53]
(64.26121056666669, 64.3782318666667) [85]
(64.36759356666668, 64.4843213916667) [84]
(64.47397656666669, 64.57742481666669) [56, 61]
(64.47397656666669, 64.5877696416667) [85]
(64.57742481666669, 64.68087306666669) [84]
(64.68087306666669, 64.78432131666669) [56, 61]
(64.68087306666669, 64.7946661416667) [85]
(64.78432131666669, 64.89840786666669) [86]
(64.88776956666669, 64.99415256666668) [56, 61]
(64.88776956666669, 65.0047908666667) [85]
(64.99415256666668, 65.1110250666667) [83]
(65.1005355666667, 65.20543056666669) [54]
(65.1005355666667, 65.2159200666667) [81]
(65.20543056666669, 65.3206703916667) [83]
(65.31032556666669, 65.41377381666669) [57, 61]
(65.31032556666669, 65.4241186416667) [81]
(65.41377381666669, 65.5275668916667) [80]
(65.51722206666669, 65.62067031666669) [57, 61]
(65.51722206666669, 65.6310151416667) [78]
(65.62067031666669, 65.73475686666669) [81]
(65.72411856666669, 65.83050156666668) [57, 61]
(65.72411856666669, 65.8411398666667) [80]
(65.83050156666668, 65.9474479416667) [78]
(65.93688456666669, 66.04251831666669) [56]
(65.93688456666669, 66.05308169166669) [76]
(66.04251831666669, 66.1584260416667) [78]
(66.1481520666667, 66.2508918166667) [61, 64]
(66.1481520666667, 66.2611657916667) [80]
(66.2508918166667, 66.3640482416667) [76]
(66.35363156666669, 66.4577983166667) [61, 64]
(66.35363156666669, 66.4682149916667) [73]
(66.4577983166667, 66.57267934166669) [75]
(66.56196506666669, 66.66910781666668) [61, 64]
(66.56196506666669, 66.6798220916667) [76]
(66.66910781666668, 66.78696484166669) [73]
(66.77625056666669, 66.88339331666668) [56]
(66.77625056666669, 66.89410759166668) [75]
(66.88339331666668, 67.0010255666667) [76]
(66.99053606666669, 67.09543106666669) [63, 66]
(66.99053606666669, 67.1059205666667) [78]
(67.09543106666669, 67.2108155666667) [75]
(67.20032606666669, 67.3063120916667) [66, 63]
(67.20032606666669, 67.3169503916667) [72]
(67.3063120916667, 67.4239939041667) [73]
(67.4132025291667, 67.52157244583336) [66, 63]
(67.4132025291667, 67.53329119583336) [75]
(67.52157244583336, 67.64962952083336) [72]
(67.63875994583336, 68.04636900833336) [73, 64, 61]
(68.07354294583335, 68.18812637083336) [76]
(68.17770969583336, 68.29236594583335) [74]
(68.28187644583335, 68.39764102083335) [73]
(68.38677144583335, 68.50618147083334) [71]
(68.49546719583334, 68.60260994583334) [57]
(68.49546719583334, 68.61332422083335) [69]
(68.60260994583334, 68.72031607083335) [71]
(68.70975269583334, 68.81538644583334) [61, 64]
(68.70975269583334, 68.82594982083334) [73]
(68.81538644583334, 68.93158357083334) [74]
(68.92102019583335, 69.02665394583335) [61, 64]
(68.92102019583335, 69.03721732083335) [76]
(69.02665394583335, 69.14292599583334) [78]
(69.13228769583334, 69.23867069583333) [61, 64]
(69.13228769583334, 69.24930899583335) [80]
(69.23867069583333, 69.34062107083334) [81]
(69.34505369583334, 69.44779344583334) [59]
(69.34505369583334, 69.45806742083334) [81]
(69.44779344583334, 69.56102269583334) [80]
(69.55053319583334, 69.65542819583334) [62, 64]
(69.55053319583334, 69.66591769583334) [78]
(69.65542819583334, 69.75595257083334) [76]
(69.76032319583334, 69.86521819583334) [56]
(69.76032319583334, 69.87570769583334) [76]
(69.86521819583334, 69.98067657083334) [74]
(69.97011319583333, 70.07574694583333) [62, 64]
(69.97011319583333, 70.08631032083333) [73]
(70.07574694583333, 70.19158477083334) [71]
(70.18138069583334, 70.28342144583334) [57]
(70.18138069583334, 70.29362552083334) [69]
(70.28342144583334, 70.39595169583335) [71]
(70.38546219583334, 70.49035719583334) [61, 64]
(70.38546219583334, 70.50084669583335) [73]
(70.49035719583334, 70.60574169583334) [74]
(70.59525219583334, 70.70014719583334) [61, 64]
(70.59525219583334, 70.71063669583334) [76]
(70.70014719583334, 70.81649257083333) [78]
(70.80504219583334, 70.91954594583333) [61, 64]
(70.80504219583334, 70.93184102083333) [80]
(70.91954594583333, 71.04249669583334) [81]
(71.04249669583334, 71.26976919583333) [52, 82]
(71.26976919583333, 71.37393594583334) [56, 62]
(71.26976919583333, 71.38435262083334) [83]
(71.4786133, 71.58635821666668) [62, 56]
(71.4786133, 71.59683557916668) [76]
(71.58635821666668, 71.69971523750002) [74]
(71.68922573750001, 71.79412073750001) [62, 56]
(71.68922573750001, 71.80499031250001) [73]
(71.79412073750001, 71.9135307625) [71]
(71.9028164875, 72.0099592375) [57]
(71.9028164875, 72.02067351250001) [69]
(72.0099592375, 72.12766536250001) [71]
(72.1171019875, 72.2227357375) [61, 64]
(72.1171019875, 72.2332991125) [73]
(72.2227357375, 72.3389328625) [74]
(72.32836948750001, 72.43400323750001) [61, 64]
(72.32836948750001, 72.44456661250001) [76]
(72.43400323750001, 72.5502752875) [78]
(72.5396369875, 72.6460199875) [61, 64]
(72.5396369875, 72.65665828750001) [80]
(72.6460199875, 72.7479703625) [81]
(72.7524029875, 72.8551427375) [59]
(72.7524029875, 72.86541671250001) [81]
(72.8551427375, 72.9683719875) [80]
(72.9578824875, 73.0627774875) [62, 64]
(72.9578824875, 73.0732669875) [78]
(73.0627774875, 73.1633018625) [76]
(73.1676724875, 73.2725674875) [56]
(73.1676724875, 73.2830569875) [76]
(73.2725674875, 73.3880258625) [74]
(73.3774624875, 73.48309623749999) [62, 64]
(73.3774624875, 73.4936596125) [73]
(73.48309623749999, 73.5989340625) [71]
(73.5887299875, 73.6907707375) [57]
(73.5887299875, 73.70097481250001) [73]
(73.6907707375, 73.80330098750001) [76]
(73.7928114875, 73.8977064875) [54]
(73.7928114875, 73.90819598750001) [69]
(73.8977064875, 74.0128754625) [73]
(74.0026014875, 74.1053412375) [50]
(74.0026014875, 74.1156152125) [71]
(74.1053412375, 74.2190298875) [74]
(74.2080809875, 74.3175699875) [52]
(74.2080809875, 74.3285188875) [68]
(74.3175699875, 74.4270589875) [71]
(74.4270589875, 74.64764698750001) [45]
(74.4270589875, 74.75181373750002) [69]
(74.64764698750001, 74.75181373750002) [57]
(74.85714244583335, 74.97953641250001) [85]
(74.9689974875, 75.08218148750001) [86]
(75.0716919875, 75.1874565625) [85]
(75.1765869875, 75.2959210375) [83]
(75.2852827375, 75.39166573749999) [52]
(75.2852827375, 75.4023040375) [81]
(75.39166573749999, 75.5086121125) [83]
(75.4980487375, 75.6036824875) [57, 61]
(75.4980487375, 75.6142458625) [81]
(75.6036824875, 75.7198796125) [80]
(75.7093162375, 75.8149499875) [57, 61]
(75.7093162375, 75.8255133625) [78]
(75.8149499875, 75.93122203749999) [81]
(75.9205837375, 76.02696673749999) [57, 61]
(75.9205837375, 76.0376050375) [80]
(76.02696673749999, 76.1439131125) [78]
(76.1333497375, 76.2389834875) [56]
(76.1333497375, 76.2495468625) [77]
(76.2389834875, 76.35510673750001) [78]
(76.3446172375, 76.4495122375) [59, 61]
(76.3446172375, 76.46000173750001) [80]
(76.4495122375, 76.5648967375) [77]
(76.5544072375, 76.6593022375) [59, 61]
(76.5544072375, 76.6697917375) [73]
(76.6593022375, 76.7747606125) [75]
(76.7641972375, 76.8698309875) [59, 61]
(76.7641972375, 76.8803943625) [77]
(76.8698309875, 76.9862561125) [73]
(76.9754647375, 77.0833784875) [54]
(76.9754647375, 77.09416986250001) [78]
(77.0833784875, 77.20178173750001) [77]
(77.19129223750001, 77.2961872375) [57, 61]
(77.19129223750001, 77.30667673750001) [78]
(77.2961872375, 77.41157173750001) [80]
(77.4010822375, 77.5059772375) [57, 61]
(77.4010822375, 77.51646673750001) [81]
(77.5059772375, 77.62143561250001) [80]
(77.6108722375, 77.7165059875) [57, 61]
(77.6108722375, 77.7270693625) [81]
(77.7165059875, 77.83241371250001) [83]
(77.82213973750001, 77.92487948750001) [49]
(77.82213973750001, 77.93515346250001) [85]
(77.92487948750001, 78.0380359125) [84]
(78.0276192375, 78.13178598750001) [56, 61]
(78.0276192375, 78.14220266250001) [85]
(78.13178598750001, 78.2359527375) [84]
(78.2359527375, 78.3401194875) [55, 61]
(78.2359527375, 78.3505361625) [85]
(78.3401194875, 78.4549245375) [86]
(78.44428623750001, 78.5506692375) [54, 61]
(78.44428623750001, 78.56130753750001) [85]
(78.5506692375, 78.66776651250001) [82]
(78.65705223750001, 78.7641949875) [47]
(78.65705223750001, 78.77490926250002) [86]
(78.7641949875, 78.88175441250002) [85]
(78.87133773750001, 78.97550448750002) [54, 59]
(78.87133773750001, 78.98592116250002) [86]
(78.97550448750002, 79.09008791250001) [85]
(79.07967123750001, 79.18383798750001) [54, 59]
(79.07967123750001, 79.19425466250001) [86]
(79.18383798750001, 79.29864303750001) [85]
(79.28800473750002, 79.39438773750001) [54, 59]
(79.28800473750002, 79.40502603750002) [86]
(79.39438773750001, 79.51140903750002) [85]
(79.50077073750002, 79.60715373750001) [47]
(79.50077073750002, 79.61779203750002) [86]
(79.60715373750001, 79.72395341250002) [85]
(79.71353673750002, 79.81770348750003) [56, 59]
(79.71353673750002, 79.82812016250003) [83]
(79.81770348750003, 79.93228691250002) [81]
(79.92187023750002, 80.02603698750002) [56, 59]
(79.92187023750002, 80.03645366250002) [80]
(80.02603698750002, 80.14091801250002) [81]
(80.13020373750003, 80.23734648750002) [56, 59]
(80.13020373750003, 80.24806076250003) [83]
(80.23734648750002, 80.35490591250003) [80]
(80.34448923750003, 80.44865598750003) [49]
(80.34448923750003, 80.45907266250003) [81]
(80.44865598750003, 80.56331223750003) [83]
(80.55282273750002, 80.65771773750002) [54, 57]
(80.55282273750002, 80.66820723750003) [85]
(80.65771773750002, 80.77310223750003) [78]
(80.76261273750002, 80.86859876250003) [49]
(80.76261273750002, 80.87923706250002) [77]
(80.86859876250003, 80.98628057500002) [78]
(80.97548920000003, 81.08385911666669) [59, 56]
(80.97548920000003, 81.09667964166668) [80]
(81.08385911666669, 81.22293394166668) [77]
(81.21206436666668, 81.61967342916668) [78, 57, 54]
(81.64684736666668, 81.76143079166668) [76]
(81.75101411666668, 81.86567036666668) [74]
(81.85518086666667, 81.97094544166667) [73]
(81.96007586666667, 82.07948589166666) [71]
(82.06877161666667, 82.17591436666666) [57]
(82.06877161666667, 82.18662864166667) [69]
(82.17591436666666, 82.29362049166667) [71]
(82.28305711666667, 82.38869086666666) [61, 64]
(82.28305711666667, 82.39925424166667) [73]
(82.38869086666666, 82.50503889166667) [74]
(82.49432461666667, 82.60146736666667) [61, 64]
(82.49432461666667, 82.61218164166668) [76]
(82.60146736666667, 82.71947969166668) [78]
(82.70861011666668, 82.81730586666667) [61, 64]
(82.70861011666668, 82.82817544166667) [80]
(82.81730586666667, 82.92147262708335) [81]
(82.92600161666668, 83.03016836666669) [59]
(82.92600161666668, 83.04058504166669) [81]
(83.03016836666669, 83.14482461666668) [80]
(83.13433511666668, 83.23923011666668) [62, 64]
(83.13433511666668, 83.24971961666668) [78]
(83.23923011666668, 83.33975449166668) [76]
(83.34412511666667, 83.44902011666667) [56]
(83.34412511666667, 83.45950961666668) [76]
(83.44902011666667, 83.56447849166668) [74]
(83.55391511666667, 83.65954886666667) [62, 64]
(83.55391511666667, 83.67011224166667) [73]
(83.65954886666667, 83.77538669166668) [71]
(83.76518261666668, 83.86722336666668) [57]
(83.76518261666668, 83.87742744166668) [69]
(83.86722336666668, 83.97975361666668) [71]
(83.96926411666668, 84.07415911666668) [61, 64]
(83.96926411666668, 84.08464861666668) [73]
(84.07415911666668, 84.18954361666668) [74]
(84.17905411666668, 84.28394911666668) [61, 64]
(84.17905411666668, 84.29443861666668) [76]
(84.28394911666668, 84.40029449166667) [78]
(84.38884411666668, 84.50334786666667) [61, 64]
(84.38884411666668, 84.51605974166667) [80]
(84.50334786666667, 84.63046661666667) [81]
(84.63046661666667, 84.86484161666667) [52, 82]
(84.86484161666667, 84.96900836666667) [56, 62]
(84.86484161666667, 84.97942504166667) [83]
(85.07317511666666, 85.17734186666667) [62, 56]
(85.07317511666666, 85.18775854166667) [76]
(85.17734186666667, 85.29199811666668) [74]
(85.28150861666667, 85.38640361666667) [62, 56]
(85.28150861666667, 85.39727319166667) [73]
(85.38640361666667, 85.50581364166666) [71]
(85.49509936666666, 85.60224211666666) [57]
(85.49509936666666, 85.61295639166667) [69]
(85.60224211666666, 85.71994824166667) [71]
(85.70938486666667, 85.81501861666666) [61, 64]
(85.70938486666667, 85.82558199166667) [73]
(85.81501861666666, 85.93136664166667) [74]
(85.92065236666667, 86.02779511666667) [61, 64]
(85.92065236666667, 86.03850939166668) [76]
(86.02779511666667, 86.14557616666667) [78]
(86.13493786666668, 86.24132086666667) [61, 64]
(86.13493786666668, 86.25195916666668) [80]
(86.24132086666667, 86.34327124166667) [81]
(86.34770386666668, 86.45187061666668) [59]
(86.34770386666668, 86.46228729166668) [81]
(86.45187061666668, 86.56652686666668) [80]
(86.55603736666667, 86.66093236666667) [62, 64]
(86.55603736666667, 86.67142186666668) [78]
(86.66093236666667, 86.76145674166668) [76]
(86.76582736666667, 86.87072236666667) [56]
(86.76582736666667, 86.88121186666667) [76]
(86.87072236666667, 86.98618074166667) [74]
(86.97561736666667, 87.08125111666666) [62, 64]
(86.97561736666667, 87.09181449166667) [73]
(87.08125111666666, 87.19708894166668) [71]
(87.18688486666667, 87.28892561666667) [57]
(87.18688486666667, 87.29912969166668) [73]
(87.28892561666667, 87.40145586666668) [76]
(87.39096636666667, 87.49586136666667) [54]
(87.39096636666667, 87.50635086666668) [69]
(87.49586136666667, 87.61103034166668) [73]
(87.60075636666667, 87.70349611666667) [50]
(87.60075636666667, 87.71377009166667) [71]
(87.70349611666667, 87.81718476666667) [74]
(87.80623586666667, 87.91572486666666) [52]
(87.80623586666667, 87.92667376666667) [68]
(87.91572486666666, 88.02521386666668) [71]
(88.02521386666668, 88.24580186666668) [45]
(88.02521386666668, 88.35371561666668) [69]
(88.24580186666668, 88.35371561666668) [57]
(88.46296713750002, 88.58721940833337) [85]
(88.57684965833337, 88.68892503333336) [86]
(88.67843553333336, 88.79420010833336) [85]
(88.78333053333336, 88.90266458333335) [83]
(88.89202628333335, 88.99840928333334) [52]
(88.89202628333335, 89.00904758333336) [81]
(88.99840928333334, 89.11535565833336) [83]
(89.10479228333335, 89.21042603333335) [57, 61]
(89.10479228333335, 89.22098940833335) [81]
(89.21042603333335, 89.32662315833335) [80]
(89.31605978333336, 89.42169353333335) [57, 61]
(89.31605978333336, 89.43225690833336) [78]
(89.42169353333335, 89.53796558333335) [81]
(89.52732728333335, 89.63371028333334) [57, 61]
(89.52732728333335, 89.64434858333335) [80]
(89.63371028333334, 89.75065665833336) [78]
(89.74009328333335, 89.84572703333335) [56]
(89.74009328333335, 89.85629040833335) [77]
(89.84572703333335, 89.96185028333336) [78]
(89.95136078333336, 90.05625578333336) [59, 61]
(89.95136078333336, 90.06674528333336) [80]
(90.05625578333336, 90.17164028333336) [77]
(90.16115078333335, 90.26604578333335) [59, 61]
(90.16115078333335, 90.27653528333336) [73]
(90.26604578333335, 90.38150415833336) [75]
(90.37094078333335, 90.47657453333335) [59, 61]
(90.37094078333335, 90.48713790833335) [77]
(90.47657453333335, 90.59299965833335) [73]
(90.58220828333336, 90.69012203333335) [54]
(90.58220828333336, 90.70091340833336) [78]
(90.69012203333335, 90.80852528333337) [77]
(90.79803578333336, 90.90293078333336) [57, 61]
(90.79803578333336, 90.91342028333337) [78]
(90.90293078333336, 91.01831528333337) [80]
(91.00782578333336, 91.11272078333336) [57, 61]
(91.00782578333336, 91.12321028333336) [81]
(91.11272078333336, 91.22817915833336) [80]
(91.21761578333336, 91.32324953333335) [57, 61]
(91.21761578333336, 91.33381290833336) [81]
(91.32324953333335, 91.43929995833336) [83]
(91.42888328333336, 91.53305003333337) [49]
(91.42888328333336, 91.54346670833337) [85]
(91.53305003333337, 91.64763345833336) [84]
(91.63721678333336, 91.74138353333336) [56, 61]
(91.63721678333336, 91.75180020833336) [85]
(91.74138353333336, 91.84555028333337) [84]
(91.84555028333337, 91.94971703333336) [55, 61]
(91.84555028333337, 91.96013370833336) [85]
(91.94971703333336, 92.06452208333336) [86]
(92.05388378333336, 92.16026678333336) [54, 61]
(92.05388378333336, 92.17090508333337) [85]
(92.16026678333336, 92.27736405833336) [82]
(92.26664978333336, 92.37379253333336) [47]
(92.26664978333336, 92.38450680833337) [86]
(92.37379253333336, 92.49142478333337) [85]
(92.48093528333337, 92.58583028333337) [54, 59]
(92.48093528333337, 92.59631978333337) [86]
(92.58583028333337, 92.70121478333337) [85]
(92.69072528333336, 92.79562028333336) [54, 59]
(92.69072528333336, 92.80610978333337) [86]
(92.79562028333336, 92.91115358333336) [85]
(92.90051528333336, 93.00689828333336) [54, 59]
(92.90051528333336, 93.01753658333337) [86]
(93.00689828333336, 93.12391958333336) [85]
(93.11328128333336, 93.21966428333336) [47]
(93.11328128333336, 93.23030258333337) [86]
(93.21966428333336, 93.33646395833337) [85]
(93.32604728333337, 93.43021403333337) [56, 59]
(93.32604728333337, 93.44063070833337) [83]
(93.43021403333337, 93.54479745833336) [81]
(93.53438078333336, 93.63854753333337) [56, 59]
(93.53438078333336, 93.64896420833337) [80]
(93.63854753333337, 93.75342855833337) [81]
(93.74271428333337, 93.84985703333336) [56, 59]
(93.74271428333337, 93.86057130833338) [83]
(93.84985703333336, 93.96741645833337) [80]
(93.95699978333337, 94.06116653333338) [49]
(93.95699978333337, 94.07158320833338) [81]
(94.06116653333338, 94.17582278333337) [83]
(94.16533328333337, 94.27022828333337) [54, 57]
(94.16533328333337, 94.28071778333337) [85]
(94.27022828333337, 94.38561278333337) [78]
(94.37512328333337, 94.48110930833337) [49]
(94.37512328333337, 94.49174760833337) [77]
(94.48110930833337, 94.59879112083337) [78]
(94.58799974583337, 94.69636966250003) [59, 56]
(94.58799974583337, 94.70919018750003) [80]
(94.69636966250003, 94.83697161250002) [77]
(94.82457491250003, 95.28945116250003) [78, 57, 54]
(95.32044291250003, 95.42758566250002) [81, 69]
(95.53472841250003, 95.64264216250002) [83, 71]
(95.64264216250002, 95.67861341250003) [45]
(95.67861341250003, 95.71458466250003) [49]
(95.71458466250003, 95.75055591250003) [52]
(95.75055591250003, 95.85259666250003) [57]
(95.75055591250003, 96.16590491250004) [85, 73]
(95.95463741250003, 96.06027116250003) [57]
(96.16590491250004, 96.26935316250004) [57, 81, 69]
(96.37280141250004, 96.47843516250003) [57, 83, 71]
(96.47843516250003, 96.51364641250004) [45]
(96.51364641250004, 96.54885766250004) [49]
(96.54885766250004, 96.58406891250004) [52]
(96.58406891250004, 96.68610966250004) [57, 85, 73]
(96.78815041250004, 96.89089016250004) [57, 83, 71]
(96.99362991250004, 97.09636966250004) [57, 81, 69]
(97.19910941250005, 97.31104966250005) [57, 80, 68]
(97.31104966250005, 97.34836307916672) [38]
(97.34836307916672, 97.38567649583338) [42]
(97.38567649583338, 97.42298991250006) [45]
(97.42298991250006, 97.52572966250005) [50, 78, 66]
(97.62846941250005, 97.73336441250005) [50, 80, 68]
(97.73336441250005, 97.76832941250005) [39]
(97.76832941250005, 97.80329441250005) [42]
(97.80329441250005, 97.83825941250005) [45]
(97.83825941250005, 97.94464241250004) [51, 81, 69]
(98.05102541250005, 98.16296566250006) [51, 83, 71]
(98.16296566250006, 98.20027907916672) [40]
(98.20027907916672, 98.23759249583338) [44]
(98.23759249583338, 98.27490591250006) [47]
(98.27490591250006, 98.48767191250006) [52, 80, 68]
(98.48767191250006, 98.60130816250006) [52, 76, 64]
(98.71494441250006, 98.82132741250005) [81, 69]
(98.92771041250006, 99.03260541250006) [83, 71]
(99.03260541250006, 99.06757041250006) [45]
(99.06757041250006, 99.10253541250006) [49]
(99.10253541250006, 99.13750041250006) [52]
(99.13750041250006, 99.23954116250006) [57]
(99.13750041250006, 99.55137191250006) [85, 73]
(99.34158191250006, 99.44647691250006) [57]
(99.55137191250006, 99.65341266250006) [57, 81, 69]
(99.75545341250006, 99.86108716250006) [57, 83, 71]
(99.86108716250006, 99.89629841250006) [45]
(99.89629841250006, 99.93150966250006) [49]
(99.93150966250006, 99.96672091250007) [52]
(99.96672091250007, 100.06946066250006) [57, 85, 73]
(100.17220041250006, 100.27564866250006) [57, 83, 71]
(100.37909691250006, 100.48326366250006) [57, 81, 69]
(100.58743041250005, 100.69612616250005) [57, 80, 68]
(100.69612616250005, 100.73235807916672) [38]
(100.73235807916672, 100.7685899958334) [42]
(100.7685899958334, 100.80482191250006) [45]
(100.80482191250006, 100.90827016250006) [50, 78, 66]
(101.01171841250006, 101.12041416250005) [50, 83, 71]
(101.12041416250005, 101.15664607916672) [40]
(101.15664607916672, 101.1928779958334) [44]
(101.1928779958334, 101.22910991250006) [47]
(101.22910991250006, 101.34189191250006) [52, 80, 68]
(101.45467391250007, 101.57095291250008) [52, 76, 64]
(101.68723191250007, 102.11016441250007) [45, 81, 69]
(102.13835991250006, 102.24325491250006) [81, 69]
(102.34814991250006, 102.45606366250006) [83, 71]
(102.45606366250006, 102.49203491250006) [45]
(102.49203491250006, 102.52800616250006) [49]
(102.52800616250006, 102.56397741250007) [52]
(102.56397741250007, 102.66601816250007) [57]
(102.56397741250007, 102.97932641250007) [85, 73]
(102.76805891250007, 102.87369266250006) [57]
(102.97932641250007, 103.08277466250007) [57, 81, 69]
(103.18622291250007, 103.29260591250006) [57, 83, 71]
(103.29260591250006, 103.32806691250008) [45]
(103.32806691250008, 103.36352791250007) [49]
(103.36352791250007, 103.39898891250007) [52]
(103.39898891250007, 103.50102966250007) [57, 85, 73]
(103.60307041250007, 103.70796541250007) [57, 83, 71]
(103.81286041250007, 103.91560016250007) [57, 81, 69]
(104.01833991250007, 104.12548266250006) [57, 80, 68]
(104.12548266250006, 104.16119691250007) [38]
(104.16119691250007, 104.19691116250007) [42]
(104.19691116250007, 104.23262541250007) [45]
(104.23262541250007, 104.33536516250007) [50, 78, 66]
(104.43810491250007, 104.54601866250006) [50, 80, 68]
(104.54601866250006, 104.58198991250006) [39]
(104.58198991250006, 104.61796116250007) [42]
(104.61796116250007, 104.65393241250007) [45]
(104.65393241250007, 104.76184616250006) [51, 81, 69]
(104.86975991250007, 104.98170016250008) [51, 83, 71]
(104.98170016250008, 105.01901357916674) [40]
(105.01901357916674, 105.0563269958334) [44]
(105.0563269958334, 105.09364041250008) [47]
(105.09364041250008, 105.30640641250008) [52, 80, 68]
(105.30640641250008, 105.42004266250008) [52, 76, 64]
(105.53367891250008, 105.63784566250008) [81, 69]
(105.74201241250007, 105.84690741250007) [83, 71]
(105.84690741250007, 105.88187241250007) [45]
(105.88187241250007, 105.91683741250007) [49]
(105.91683741250007, 105.95180241250007) [52]
(105.95180241250007, 106.05384316250007) [57]
(105.95180241250007, 106.36567391250007) [85, 73]
(106.15588391250007, 106.26077891250007) [57]
(106.36567391250007, 106.46771466250007) [57, 81, 69]
(106.56975541250007, 106.67766916250007) [57, 83, 71]
(106.67766916250007, 106.71364041250007) [45]
(106.71364041250007, 106.74961166250007) [49]
(106.74961166250007, 106.78558291250008) [52]
(106.78558291250008, 106.88832266250007) [57, 85, 73]
(106.99106241250007, 107.09451066250007) [57, 83, 71]
(107.19795891250007, 107.30212566250007) [57, 81, 69]
(107.40629241250006, 107.51498816250006) [57, 80, 68]
(107.51498816250006, 107.55122007916673) [38]
(107.55122007916673, 107.5874519958334) [42]
(107.5874519958334, 107.62368391250007) [45]
(107.62368391250007, 107.72713216250007) [50, 78, 66]
(107.83058041250007, 107.94421666250007) [50, 83, 71]
(107.94421666250007, 107.98209541250007) [40]
(107.98209541250007, 108.01997416250006) [44]
(108.01997416250006, 108.05785291250007) [47]
(108.05785291250007, 108.17063491250006) [52, 80, 68]
(108.28341691250007, 108.39969591250008) [52, 76, 64]
(108.51597491250007, 109.07290522500007) [45, 81, 69]
(109.11003391250007, 109.20937166250008) [71]
(109.20937166250008, 109.30870941250006) [69]
(109.30870941250006, 109.40804716250007) [68]
(109.40804716250007, 109.52082916250006) [69]
(109.52082916250006, 109.62016691250007) [57, 72]
(109.71950466250006, 109.81884241250006) [60, 64]
(109.93162441250006, 110.03162441250005) [64, 60, 74]
(110.03162441250005, 110.13162441250006) [72]
(110.13162441250006, 110.23162441250005) [64, 60, 71]
(110.23162441250005, 110.34526066250005) [72]
(110.34526066250005, 110.44459841250006) [57, 76]
(110.54393616250005, 110.64327391250005) [60, 64]
(110.75356791250005, 110.85290566250005) [60, 64, 77]
(110.85290566250005, 110.95224341250004) [76]
(110.95224341250004, 111.05158116250004) [60, 64, 75]
(111.05158116250004, 111.15574791250005) [76]
(111.15574791250005, 111.25508566250005) [57, 83]
(111.25508566250005, 111.35442341250004) [81]
(111.35442341250004, 111.45376116250004) [60, 64, 80]
(111.45376116250004, 111.55309891250005) [81]
(111.55309891250005, 111.65445016250004) [57, 83]
(111.65445016250004, 111.75580141250005) [81]
(111.75580141250005, 111.85715266250004) [60, 64, 80]
(111.85715266250004, 111.97165641250004) [81]
(111.97165641250004, 112.07369716250004) [57]
(111.97165641250004, 112.39839991250004) [84]
(112.17573791250004, 112.28212091250003) [60, 64]
(112.39839991250004, 112.49773766250004) [60, 64, 81]
(112.59707541250003, 112.70421816250003) [60, 64, 84]
(112.77703366250003, 112.79935510000003) [79]
(112.79935510000003, 112.82167653750003) [81]
(112.82167653750003, 112.92302778750002) [52, 83]
(113.02437903750003, 113.12573028750002) [59, 78, 81, 64]
(113.22708153750003, 113.32641928750003) [59, 76, 79, 64]
(113.42575703750002, 113.53289978750001) [59, 78, 81, 64]
(113.60432841250001, 113.62678347500001) [79]
(113.62678347500001, 113.64923853750001) [81]
(113.64923853750001, 113.7505897875) [52, 83]
(113.85194103750001, 113.9532922875) [59, 78, 81, 64]
(114.05464353750001, 114.15398128750002) [59, 76, 79, 64]
(114.2533190375, 114.3612327875) [59, 78, 81, 64]
(114.4300401625, 114.4522295375) [79]
(114.4522295375, 114.49958672500001) [81]
(114.47441891250001, 114.57509016250002) [52, 83]
(114.67576141250001, 114.77643266250001) [59, 78, 81, 64]
(114.87710391250002, 114.98659291250002) [47, 79, 76]
(115.09608191250003, 115.21236091250003) [59, 78, 75]
(115.32863991250002, 115.78595710000002) [52, 76]
(115.81644491250002, 115.91578266250002) [71]
(115.91578266250002, 116.01512041250001) [69]
(116.01512041250001, 116.11445816250001) [68]
(116.11445816250001, 116.22724016250001) [69]
(116.22724016250001, 116.32657791250001) [57, 72]
(116.4259156625, 116.5252534125) [60, 64]
(116.6380354125, 116.7380354125) [64, 60, 74]
(116.7380354125, 116.8380354125) [72]
(116.8380354125, 116.9380354125) [64, 60, 71]
(116.9380354125, 117.0516716625) [72]
(117.0516716625, 117.1510094125) [57, 76]
(117.25034716249999, 117.3496849125) [60, 64]
(117.45997891249999, 117.5593166625) [60, 64, 77]
(117.5593166625, 117.65865441249998) [76]
(117.65865441249998, 117.75799216249999) [60, 64, 75]
(117.75799216249999, 117.86215891249999) [76]
(117.86215891249999, 117.9614966625) [57, 83]
(117.9614966625, 118.06083441249999) [81]
(118.06083441249999, 118.16017216249999) [60, 64, 80]
(118.16017216249999, 118.2595099125) [81]
(118.2595099125, 118.36086116249999) [57, 83]
(118.36086116249999, 118.4622124125) [81]
(118.4622124125, 118.56356366249999) [60, 64, 80]
(118.56356366249999, 118.67806741249998) [81]
(118.67806741249998, 118.78010816249999) [57]
(118.67806741249998, 119.10481091249999) [84]
(118.88214891249999, 118.98853191249998) [60, 64]
(119.10481091249999, 119.20414866249999) [60, 64, 81]
(119.30348641249998, 119.41062916249997) [60, 64, 84]
(119.48344466249998, 119.50576609999997) [79]
(119.50576609999997, 119.52808753749997) [81]
(119.52808753749997, 119.62943878749996) [52, 83]
(119.73079003749997, 119.83214128749997) [59, 78, 81, 64]
(119.93349253749997, 120.03283028749998) [59, 76, 79, 64]
(120.13216803749997, 120.23931078749996) [59, 78, 81, 64]
(120.31073941249996, 120.33319447499996) [79]
(120.33319447499996, 120.35564953749996) [81]
(120.35564953749996, 120.45700078749995) [52, 83]
(120.55835203749996, 120.65970328749995) [59, 78, 81, 64]
(120.76105453749996, 120.86039228749996) [59, 76, 79, 64]
(120.95973003749995, 121.06764378749995) [59, 78, 81, 64]
(121.13645116249995, 121.15864053749995) [79]
(121.15864053749995, 121.20582991249996) [81]
(121.18082991249996, 121.28082991249995) [52, 83]
(121.38082991249996, 121.48082991249996) [59, 78, 81, 64]
(121.58082991249996, 121.68952566249996) [47, 79, 76]
(121.79822141249997, 121.92117216249997) [59, 78, 75]
(122.04412291249997, 122.47681478749998) [52, 76]
(122.50566091249998, 122.61435666249997) [76, 72]
(122.72305241249998, 122.82943541249998) [77, 74]
(122.93581841249998, 123.03998516249999) [48, 79, 76]
(123.14415191249998, 123.24831866249998) [60, 79, 76]
(123.35248541249999, 123.45522516249999) [52, 81]
(123.45522516249999, 123.55796491249998) [79]
(123.55796491249998, 123.6657257875) [64, 77]
(123.6657257875, 123.77850778749999) [76]
(123.77850778749999, 123.9943352875) [71]
(123.77850778749999, 124.21191710416666) [55, 74]
(123.9943352875, 124.21191710416666) [67]
(124.21191710416666, 124.32061285416665) [76, 72]
(124.42930860416666, 124.53569160416666) [77, 74]
(124.64207460416667, 124.74624135416667) [48, 79, 76]
(124.85040810416666, 124.95457485416667) [60, 79, 76]
(125.05874160416667, 125.16148135416667) [52, 81]
(125.16148135416667, 125.26422110416667) [79]
(125.26422110416667, 125.37198197916668) [64, 77]
(125.37198197916668, 125.48476397916667) [76]
(125.48476397916667, 125.91817329583334) [55, 71, 74]
(125.91817329583334, 126.03180954583334) [72, 69]
(126.14544579583334, 126.25182879583333) [74, 71]
(126.35821179583334, 126.46237854583335) [45, 76, 72]
(126.56654529583334, 126.67071204583334) [57, 76, 72]
(126.77487879583335, 126.87761854583334) [48, 77]
(126.87761854583334, 126.98035829583334) [76]
(126.98035829583334, 127.08811917083335) [60, 74]
(127.08811917083335, 127.20090117083335) [72]
(127.20090117083335, 127.41672867083335) [68]
(127.20090117083335, 127.63255617083335) [52, 71]
(127.41672867083335, 127.63255617083335) [64]
(127.63255617083335, 127.74125192083335) [72, 69]
(127.84994767083336, 127.95633067083335) [74, 71]
(128.06271367083335, 128.16688042083334) [45, 76, 72]
(128.27104717083336, 128.37521392083335) [57, 76, 72]
(128.47938067083334, 128.58212042083335) [48, 77]
(128.58212042083335, 128.68486017083333) [76]
(128.68486017083333, 128.79262104583333) [60, 74]
(128.79262104583333, 128.90540304583334) [72]
(128.90540304583334, 129.33705804583334) [52, 68, 71]
(129.33705804583334, 129.43639579583333) [71]
(129.43639579583333, 129.53573354583335) [69]
(129.53573354583335, 129.63507129583334) [68]
(129.63507129583334, 129.74785329583335) [69]
(129.74785329583335, 129.84719104583334) [57, 72]
(129.94652879583336, 130.04586654583335) [60, 64]
(130.15864854583336, 130.25864854583335) [64, 60, 74]
(130.25864854583335, 130.35864854583335) [72]
(130.35864854583335, 130.45864854583337) [64, 60, 71]
(130.45864854583337, 130.57228479583338) [72]
(130.57228479583338, 130.67162254583337) [57, 76]
(130.7709602958334, 130.87029804583338) [60, 64]
(130.9805920458334, 131.07992979583338) [60, 64, 77]
(131.07992979583338, 131.1792675458334) [76]
(131.1792675458334, 131.2786052958334) [60, 64, 75]
(131.2786052958334, 131.38277204583338) [76]
(131.38277204583338, 131.48277204583337) [57, 83]
(131.48277204583337, 131.58277204583337) [81]
(131.58277204583337, 131.6827720458334) [60, 64, 80]
(131.6827720458334, 131.78277204583338) [81]
(131.78277204583338, 131.8862202958334) [57, 83]
(131.8862202958334, 131.98966854583338) [81]
(131.98966854583338, 132.0931167958334) [60, 64, 80]
(132.0931167958334, 132.2213220458334) [81]
(132.2213220458334, 132.3233627958334) [53]
(132.2213220458334, 132.6480655458334) [84]
(132.4254035458334, 132.5317865458334) [57, 63]
(132.6480655458334, 132.7508052958334) [57, 63, 81]
(132.85354504583339, 132.9606877958334) [57, 63, 83]
(133.06783054583337, 133.16918179583337) [52, 84]
(133.27053304583336, 133.37188429583338) [57, 64, 83]
(133.47323554583338, 133.5759752958334) [50, 81]
(133.67871504583337, 133.78585779583338) [53, 59, 80]
(133.89300054583336, 133.99435179583335) [48, 81]
(134.09570304583335, 134.19705429583337) [52, 57, 76]
(134.29840554583336, 134.40185379583338) [50]
(134.30185382083337, 134.40530207083336) [77]
(134.50530204583336, 134.61321579583336) [53, 59, 74]
(134.72112954583335, 134.82386929583336) [57, 52]
(134.72112954583335, 135.13208854583334) [72]
(134.92660904583335, 135.02934879583336) [52, 57]
(135.12780772291669, 135.23625530625) [52]
(135.13208854583334, 135.18643642083333) [71]
(135.13208854583334, 135.24078429583335) [56]
(135.18643642083333, 135.24078429583335) [72]
(135.24078429583335, 135.29513217083334) [71]
(135.29513217083334, 135.34948004583333) [72]
(135.34948004583333, 135.35323944583334) [71]
(135.34948004583333, 135.46370339999999) [56, 52]
(135.38707404583334, 135.42459789999998) [72]
(135.42459789999998, 135.46370339999999) [71]
(135.46370339999999, 135.53076012916668) [69]
(135.53076012916668, 135.606558025) [71]
(135.606558025, 136.0494714625) [57, 69]
(135.606558025, 136.078999025) [45]
(136.078999025, 136.187694775) [76, 72]
(136.296390525, 136.402773525) [77, 74]
(136.50915652499998, 136.61332327499997) [48, 79, 76]
(136.717490025, 136.82165677499998) [60, 79, 76]
(136.92582352499997, 137.02856327499998) [52, 81]
(137.02856327499998, 137.13130302499997) [79]
(137.13130302499997, 137.23906389999996) [64, 77]
(137.23906389999996, 137.35184589999997) [76]
(137.35184589999997, 137.56767339999996) [71]
(137.35184589999997, 137.78525521666666) [55, 74]
(137.56767339999996, 137.78525521666666) [67]
(137.78525521666666, 137.89395096666667) [76, 72]
(138.00264671666665, 138.10902971666664) [77, 74]
(138.21541271666663, 138.31957946666662) [48, 79, 76]
(138.42374621666664, 138.52791296666663) [60, 79, 76]
(138.63207971666662, 138.73481946666664) [52, 81]
(138.73481946666664, 138.83755921666662) [79]
(138.83755921666662, 138.94532009166662) [64, 77]
(138.94532009166662, 139.05810209166663) [76]
(139.05810209166663, 139.4915114083333) [55, 71, 74]
(139.4915114083333, 139.60514765833332) [72, 69]
(139.7187839083333, 139.8251669083333) [74, 71]
(139.9315499083333, 140.03571665833329) [45, 76, 72]
(140.1398834083333, 140.2440501583333) [57, 76, 72]
(140.34821690833328, 140.4509566583333) [48, 77]
(140.4509566583333, 140.55369640833328) [76]
(140.55369640833328, 140.66145728333328) [60, 74]
(140.66145728333328, 140.7742392833333) [72]
(140.7742392833333, 140.99006678333328) [68]
(140.7742392833333, 141.2058942833333) [52, 71]
(140.99006678333328, 141.2058942833333) [64]
(141.2058942833333, 141.3145900333333) [72, 69]
(141.42328578333328, 141.52966878333328) [74, 71]
(141.63605178333327, 141.74021853333326) [45, 76, 72]
(141.84438528333328, 141.94855203333327) [57, 76, 72]
(142.05271878333326, 142.15545853333327) [48, 77]
(142.15545853333327, 142.25819828333326) [76]
(142.25819828333326, 142.36595915833325) [60, 74]
(142.36595915833325, 142.47874115833326) [72]
(142.47874115833326, 142.91039615833327) [52, 68, 71]
(142.91039615833327, 143.00973390833326) [71]
(143.00973390833326, 143.10907165833328) [69]
(143.10907165833328, 143.20840940833327) [68]
(143.20840940833327, 143.32119140833328) [69]
(143.32119140833328, 143.42052915833327) [57, 72]
(143.51986690833328, 143.61920465833327) [60, 64]
(143.73198665833328, 143.83198665833328) [64, 60, 74]
(143.83198665833328, 143.93198665833327) [72]
(143.93198665833327, 144.0319866583333) [64, 60, 71]
(144.0319866583333, 144.1456229083333) [72]
(144.1456229083333, 144.2449606583333) [57, 76]
(144.34429840833332, 144.4436361583333) [60, 64]
(144.55393015833332, 144.6532679083333) [60, 64, 77]
(144.6532679083333, 144.75260565833332) [76]
(144.75260565833332, 144.8519434083333) [60, 64, 75]
(144.8519434083333, 144.9561101583333) [76]
(144.9561101583333, 145.0561101583333) [57, 83]
(145.0561101583333, 145.1561101583333) [81]
(145.1561101583333, 145.2561101583333) [60, 64, 80]
(145.2561101583333, 145.3561101583333) [81]
(145.3561101583333, 145.45955840833332) [57, 83]
(145.45955840833332, 145.5630066583333) [81]
(145.5630066583333, 145.66645490833332) [60, 64, 80]
(145.66645490833332, 145.79466015833333) [81]
(145.79466015833333, 145.89670090833332) [57]
(145.79466015833333, 146.22140365833332) [84]
(145.99874165833333, 146.10512465833332) [57, 63]
(146.22140365833332, 146.32414340833333) [57, 63, 81]
(146.4268831583333, 146.53402590833332) [57, 63, 83]
(146.6411686583333, 146.7425199083333) [52, 84]
(146.8438711583333, 146.9452224083333) [57, 64, 83]
(147.0465736583333, 147.15002190833331) [50, 81]
(147.2534701583333, 147.3606129083333) [53, 59, 80]
(147.4677556583333, 147.56910690833328) [48, 81]
(147.67045815833328, 147.7718094083333) [52, 57, 76]
(147.8731606583333, 147.97732740833328) [50]
(147.8766328833333, 147.98079963333328) [77]
(148.0814941583333, 148.1894079083333) [53, 59, 74]
(148.2973216583333, 148.4000614083333) [57, 52]
(148.2973216583333, 148.70828065833328) [72]
(148.50280115833328, 148.6055409083333) [52, 57]
(148.70399983541662, 148.81244741874994) [52]
(148.70828065833328, 148.76262853333327) [71]
(148.70828065833328, 148.8169764083333) [56]
(148.76262853333327, 148.8169764083333) [72]
(148.8169764083333, 148.87132428333328) [71]
(148.87132428333328, 148.92567215833327) [72]
(148.92567215833327, 148.92943155833328) [71]
(148.92567215833327, 149.03989551249992) [56, 52]
(148.96326615833328, 149.00079001249992) [72]
(149.00079001249992, 149.03989551249992) [71]
(149.03989551249992, 149.10695224166662) [69]
(149.10695224166662, 149.18275013749994) [71]
(149.18275013749994, 149.62566357499995) [57, 69]
(149.18275013749994, 149.65519113749994) [45]
(149.65519113749994, 149.75863938749995) [69]
(149.75863938749995, 149.86208763749994) [81]
(149.86208763749994, 149.97000138749993) [71]
(149.97000138749993, 150.00597263749995) [45]
(149.97000138749993, 150.07791513749993) [83]
(150.00597263749995, 150.04194388749994) [49]
(150.04194388749994, 150.07791513749993) [52]
(150.07791513749993, 150.17995588749991) [57, 73]
(150.17995588749991, 150.28199663749993) [85]
(150.28199663749993, 150.38763038749994) [57]
(150.49326413749992, 150.59671238749993) [57, 69]
(150.59671238749993, 150.70016063749992) [81]
(150.70016063749992, 150.80579438749993) [57, 71]
(150.80579438749993, 150.84100563749993) [45]
(150.80579438749993, 150.9114281374999) [83]
(150.84100563749993, 150.8762168874999) [49]
(150.8762168874999, 150.9114281374999) [52]
(150.9114281374999, 151.0134688874999) [57, 73]
(151.0134688874999, 151.1155096374999) [85]
(151.1155096374999, 151.21824938749992) [57, 71]
(151.21824938749992, 151.3209891374999) [83]
(151.3209891374999, 151.42372888749992) [57, 69]
(151.42372888749992, 151.5264686374999) [81]
(151.5264686374999, 151.6384088874999) [57, 68]
(151.6384088874999, 151.67572230416658) [38]
(151.6384088874999, 151.7503491374999) [80]
(151.67572230416658, 151.71303572083323) [42]
(151.71303572083323, 151.7503491374999) [45]
(151.7503491374999, 151.85308888749992) [50, 66]
(151.85308888749992, 151.9558286374999) [78]
(151.9558286374999, 152.0607236374999) [50, 68]
(152.0607236374999, 152.0956886374999) [39]
(152.0607236374999, 152.1656186374999) [80]
(152.0956886374999, 152.1306536374999) [42]
(152.1306536374999, 152.1656186374999) [45]
(152.1656186374999, 152.2735323874999) [51, 69]
(152.2735323874999, 152.3814461374999) [81]
(152.3814461374999, 152.4933863874999) [51, 71]
(152.4933863874999, 152.53069980416657) [40]
(152.4933863874999, 152.6053266374999) [83]
(152.53069980416657, 152.56801322083322) [44]
(152.56801322083322, 152.6053266374999) [47]
(152.6053266374999, 152.7117096374999) [68]
(152.6053266374999, 152.8180926374999) [52]
(152.7117096374999, 152.8180926374999) [80]
(152.8180926374999, 152.9317288874999) [52, 64]
(152.9317288874999, 153.04536513749989) [76]
(153.04536513749989, 153.14470288749988) [69]
(153.14470288749988, 153.2440406374999) [81]
(153.2440406374999, 153.3489356374999) [71]
(153.3489356374999, 153.3839006374999) [45]
(153.3489356374999, 153.4538306374999) [83]
(153.3839006374999, 153.4188656374999) [49]
(153.4188656374999, 153.4538306374999) [52]
(153.4538306374999, 153.55587138749988) [57, 73]
(153.55587138749988, 153.6579121374999) [85]
(153.6579121374999, 153.7628071374999) [57]
(153.8677021374999, 153.96974288749988) [57, 69]
(153.96974288749988, 154.0717836374999) [81]
(154.0717836374999, 154.1774173874999) [57, 71]
(154.1774173874999, 154.2126286374999) [45]
(154.1774173874999, 154.28305113749988) [83]
(154.2126286374999, 154.24783988749988) [49]
(154.24783988749988, 154.28305113749988) [52]
(154.28305113749988, 154.3857908874999) [57, 73]
(154.3857908874999, 154.48853063749988) [85]
(154.48853063749988, 154.5919788874999) [57, 71]
(154.5919788874999, 154.69542713749988) [83]
(154.69542713749988, 154.79959388749987) [57, 69]
(154.79959388749987, 154.9037606374999) [81]
(154.9037606374999, 155.0124563874999) [57, 68]
(155.0124563874999, 155.04868830416655) [38]
(155.0124563874999, 155.12115213749988) [80]
(155.04868830416655, 155.08492022083323) [42]
(155.08492022083323, 155.12115213749988) [45]
(155.12115213749988, 155.2246003874999) [50, 66]
(155.2246003874999, 155.32804863749988) [78]
(155.32804863749988, 155.43674438749989) [50, 71]
(155.43674438749989, 155.47297630416654) [40]
(155.43674438749989, 155.54544013749987) [83]
(155.47297630416654, 155.50920822083322) [44]
(155.50920822083322, 155.54544013749987) [47]
(155.54544013749987, 155.65822213749988) [52, 68]
(155.65822213749988, 155.77100413749986) [80]
(155.77100413749986, 155.88728313749985) [52, 64]
(155.88728313749985, 156.00356213749987) [76]
(156.00356213749987, 156.42649463749987) [45, 81, 69]
(156.45469013749988, 156.55604138749987) [69]
(156.55604138749987, 156.65739263749987) [81]
(156.65739263749987, 156.76530638749986) [71]
(156.76530638749986, 156.80127763749988) [45]
(156.76530638749986, 156.87322013749986) [83]
(156.80127763749988, 156.83724888749987) [49]
(156.83724888749987, 156.87322013749986) [52]
(156.87322013749986, 156.97526088749984) [57, 73]
(156.97526088749984, 157.07730163749986) [85]
(157.07730163749986, 157.18293538749987) [57]
(157.28856913749985, 157.39201738749986) [57, 69]
(157.39201738749986, 157.49546563749985) [81]
(157.49546563749985, 157.60109938749986) [57, 71]
(157.60109938749986, 157.63631063749986) [45]
(157.60109938749986, 157.70673313749984) [83]
(157.63631063749986, 157.67152188749984) [49]
(157.67152188749984, 157.70673313749984) [52]
(157.70673313749984, 157.80877388749983) [57, 73]
(157.80877388749983, 157.91081463749984) [85]
(157.91081463749984, 158.01355438749985) [57, 71]
(158.01355438749985, 158.11629413749984) [83]
(158.11629413749984, 158.21903388749985) [57, 69]
(158.21903388749985, 158.32177363749983) [81]
(158.32177363749983, 158.43371388749983) [57, 68]
(158.43371388749983, 158.4710273041665) [38]
(158.43371388749983, 158.54565413749984) [80]
(158.4710273041665, 158.50834072083316) [42]
(158.50834072083316, 158.54565413749984) [45]
(158.54565413749984, 158.64839388749985) [50, 66]
(158.64839388749985, 158.75113363749983) [78]
(158.75113363749983, 158.85602863749983) [50, 68]
(158.85602863749983, 158.89099363749983) [39]
(158.85602863749983, 158.96092363749983) [80]
(158.89099363749983, 158.92595863749983) [42]
(158.92595863749983, 158.96092363749983) [45]
(158.96092363749983, 159.06883738749983) [51, 69]
(159.06883738749983, 159.17675113749982) [81]
(159.17675113749982, 159.28869138749982) [51, 71]
(159.28869138749982, 159.3260048041665) [40]
(159.28869138749982, 159.40063163749983) [83]
(159.3260048041665, 159.36331822083315) [44]
(159.36331822083315, 159.40063163749983) [47]
(159.40063163749983, 159.50701463749982) [68]
(159.40063163749983, 159.61339763749982) [52]
(159.50701463749982, 159.61339763749982) [80]
(159.61339763749982, 159.72369163749983) [52, 64]
(159.72369163749983, 159.8339856374998) [76]
(159.8339856374998, 159.9333233874998) [69]
(159.9333233874998, 160.03266113749982) [81]
(160.03266113749982, 160.13755613749981) [71]
(160.13755613749981, 160.1725211374998) [45]
(160.13755613749981, 160.2424511374998) [83]
(160.1725211374998, 160.2074861374998) [49]
(160.2074861374998, 160.2424511374998) [52]
(160.2424511374998, 160.3444918874998) [57, 73]
(160.3444918874998, 160.4465326374998) [85]
(160.4465326374998, 160.5514276374998) [57]
(160.6563226374998, 160.7583633874998) [57, 69]
(160.7583633874998, 160.8604041374998) [81]
(160.8604041374998, 160.96603788749982) [57, 71]
(160.96603788749982, 161.00124913749983) [45]
(160.96603788749982, 161.0716716374998) [83]
(161.00124913749983, 161.0364603874998) [49]
(161.0364603874998, 161.0716716374998) [52]
(161.0716716374998, 161.17441138749982) [57, 73]
(161.17441138749982, 161.2771511374998) [85]
(161.2771511374998, 161.3805993874998) [57, 71]
(161.3805993874998, 161.4840476374998) [83]
(161.4840476374998, 161.5882143874998) [57, 69]
(161.5882143874998, 161.6923811374998) [81]
(161.6923811374998, 161.80107688749982) [57, 68]
(161.80107688749982, 161.83730880416647) [38]
(161.80107688749982, 161.9097726374998) [80]
(161.83730880416647, 161.87354072083315) [42]
(161.87354072083315, 161.9097726374998) [45]
(161.9097726374998, 162.0132208874998) [50, 66]
(162.0132208874998, 162.1166691374998) [78]
(162.1166691374998, 162.2253648874998) [50, 71]
(162.2253648874998, 162.26159680416646) [40]
(162.2253648874998, 162.3340606374998) [83]
(162.26159680416646, 162.29782872083314) [44]
(162.29782872083314, 162.3340606374998) [47]
(162.3340606374998, 162.4468426374998) [52, 68]
(162.4468426374998, 162.55962463749978) [80]
(162.55962463749978, 162.67590363749977) [52, 64]
(162.67590363749977, 162.71111488749978) [45]
(162.67590363749977, 162.78153738749978) [76]
(162.71111488749978, 162.74632613749978) [49]
(162.74632613749978, 162.78153738749978) [52]
(162.78153738749978, 162.8842771374998) [57]
(162.78153738749978, 163.19391338749978) [81, 69]
(162.98701688749978, 163.0904651374998) [57]
(163.19391338749978, 163.29808013749977) [57]
(163.19391338749978, 163.5109426374998) [85]
(163.19391338749978, 163.6165763874998) [73]
(163.40224688749979, 163.5109426374998) [57]
(163.5109426374998, 163.5461538874998) [45]
(163.5109426374998, 163.5901679499998) [85]
(163.5461538874998, 163.5813651374998) [49]
(163.5813651374998, 163.6165763874998) [52]
(163.5901679499998, 163.6165763874998) [73]
(163.5989707624998, 164.0289523874998) [76]
(163.60777357499978, 164.0289523874998) [81]
(163.6165763874998, 163.71931613749982) [57]
(163.6165763874998, 164.45161538749983) [85]
(163.8220558874998, 163.92550413749981) [57]
(164.0289523874998, 164.1331191374998) [57]
(164.2372858874998, 164.34598163749982) [57]
(164.34598163749982, 164.38119288749982) [45]
(164.38119288749982, 164.41640413749982) [49]
(164.41640413749982, 164.45161538749983) [52]
(164.42520694999982, 164.86399138749982) [73]
(164.4340097624998, 164.86399138749982) [76]
(164.4428125749998, 164.86399138749982) [81]
(164.45161538749983, 164.55435513749984) [57]
(164.45161538749983, 165.28665438749985) [85]
(164.65709488749982, 164.76054313749984) [57]
(164.86399138749982, 164.9681581374998) [57]
(165.07232488749983, 165.18102063749984) [57]
(165.18102063749984, 165.21623188749984) [45]
(165.21623188749984, 165.25144313749985) [49]
(165.25144313749985, 165.28665438749985) [52]
(165.28665438749985, 165.38939413749986) [57, 86]
(165.38939413749986, 165.49213388749985) [85]
(165.49213388749985, 165.54385801249984) [83]
(165.49213388749985, 165.59558213749986) [57]
(165.59558213749986, 165.64730626249985) [85]
(165.69903038749985, 165.80319713749984) [57, 86]
(165.80319713749984, 165.90736388749986) [85]
(165.90736388749986, 165.96171176249985) [83]
(165.90736388749986, 166.01605963749986) [57]
(166.01605963749986, 166.05481930416653) [38]
(166.01605963749986, 166.07419913749987) [85]
(166.05481930416653, 166.0935789708332) [42]
(166.0935789708332, 166.13233863749986) [45]
(166.13233863749986, 166.23507838749987) [50]
(166.13233863749986, 166.96737763749988) [86, 78, 81]
(166.33781813749985, 166.44126638749987) [50]
(166.54471463749985, 166.64888138749984) [50]
(166.74697174374984, 166.8554033020832) [50]
(166.86174388749987, 166.89695513749987) [45]
(166.89695513749987, 166.93216638749988) [49]
(166.93216638749988, 166.96737763749988) [52]
(166.94096919999987, 166.96737763749988) [86]
(166.96737763749988, 167.02019451249987) [57, 76, 81, 85]
(167.15223669999986, 167.17864513749987) [86]
(167.17864513749987, 167.23036926249986) [57, 76, 81, 85]
(167.35967957499986, 167.38554163749987) [86]
(167.38554163749987, 167.43762501249986) [57, 76, 81, 85]
(167.56783344999988, 167.59387513749988) [86]
(167.59387513749988, 167.64822301249987) [57, 76, 81, 85]
(167.7025708874999, 167.7377821374999) [40]
(167.7377821374999, 167.7729933874999) [44]
(167.7729933874999, 167.8082046374999) [47]
(167.8082046374999, 167.9109443874999) [52]
(167.8082046374999, 168.5392081374999) [83]
(167.8082046374999, 168.6954581374999) [76, 80]
(168.0136841374999, 168.1171323874999) [52]
(168.2205806374999, 168.32474738749988) [52]
(168.4289141374999, 168.5392081374999) [52]
(168.5392081374999, 168.59129147083326) [45]
(168.5392081374999, 168.6563956374999) [88]
(168.59129147083326, 168.64337480416657) [49]
(168.64337480416657, 168.6954581374999) [52]
(168.6563956374999, 169.1078341374999) [73]
(168.66941647083326, 168.6954581374999) [76]
(168.68243730416657, 169.1078341374999) [81]
(168.6954581374999, 168.79819788749992) [57]
(168.6954581374999, 169.53049713749994) [85]
(168.9009376374999, 169.00438588749992) [57]
(169.1078341374999, 169.2120008874999) [57]
(169.31616763749992, 169.42486338749993) [57]
(169.42486338749993, 169.46007463749993) [45]
(169.46007463749993, 169.49528588749993) [49]
(169.49528588749993, 169.53049713749994) [52]
(169.50408869999993, 169.94287313749993) [73]
(169.51289151249992, 169.94287313749993) [76]
(169.5216943249999, 169.94287313749993) [81]
(169.53049713749994, 169.63323688749995) [57]
(169.53049713749994, 170.36553613749996) [85]
(169.73597663749993, 169.83942488749994) [57]
(169.94287313749993, 170.04703988749992) [57]
(170.15120663749994, 170.25990238749995) [57]
(170.25990238749995, 170.29511363749995) [45]
(170.29511363749995, 170.33032488749996) [49]
(170.33032488749996, 170.36553613749996) [52]
(170.36553613749996, 170.46827588749997) [57, 86]
(170.46827588749997, 170.57101563749995) [85]
(170.57101563749995, 170.62273976249995) [83]
(170.57101563749995, 170.67446388749997) [57]
(170.67446388749997, 170.72618801249996) [85]
(170.77791213749995, 170.88207888749994) [57, 86]
(170.88207888749994, 170.98624563749996) [85]
(170.98624563749996, 171.04059351249995) [83]
(170.98624563749996, 171.09494138749997) [57]
(171.09494138749997, 171.13370105416664) [38]
(171.09494138749997, 171.15308088749998) [85]
(171.13370105416664, 171.1724607208333) [42]
(171.1724607208333, 171.21122038749996) [45]
(171.21122038749996, 171.31396013749998) [50]
(171.21122038749996, 172.0462593875) [86, 78, 81]
(171.41669988749996, 171.52014813749997) [50]
(171.62359638749996, 171.72776313749995) [50]
(171.82585349374995, 171.9342850520833) [50]
(171.94062563749998, 171.97583688749998) [45]
(171.97583688749998, 172.01104813749998) [49]
(172.01104813749998, 172.0462593875) [52]
(172.01985094999998, 172.0462593875) [86]
(172.0462593875, 172.15189313749997) [57]
(172.0462593875, 172.8870863875) [85, 76, 81]
(172.25752688749998, 172.3609751375) [57]
(172.46442338749998, 172.56859013749997) [57]
(172.6727568875, 172.7814526375) [57]
(172.7814526375, 172.8166638875) [40]
(172.8166638875, 172.8518751375) [44]
(172.8518751375, 172.8870863875) [47]
(172.86067795, 172.8870863875) [85]
(172.8870863875, 172.9384562625) [52, 76, 80, 83]
(173.06688095, 173.0925658875) [85]
(173.0925658875, 173.1442900125) [52, 76, 80, 83]
(173.273600325, 173.2994623875) [85]
(173.2994623875, 173.3515457625) [52, 76, 80, 83]
(173.4817542, 173.5077958875) [85]
(173.5077958875, 173.5621437625) [52, 76, 80, 83]
(173.7251873875, 173.8338831375) [57]
(173.7251873875, 174.10562251250002) [81]
(173.8338831375, 173.94257888750002) [64]
(173.94257888750002, 174.0512746375) [61]
(174.0512746375, 174.1599703875) [64]
(174.10562251250002, 174.13279645) [76]
(174.13279645, 174.1599703875) [81]
(174.1599703875, 174.2641371375) [57]
(174.1599703875, 174.47699963750003) [85]
(174.2641371375, 174.36830388750002) [64]
(174.36830388750002, 174.47699963750003) [61]
(174.47699963750003, 174.52981651250002) [85]
(174.47699963750003, 174.58263338750004) [64]
(174.52981651250002, 174.55622495000003) [76]
(174.55622495000003, 174.58263338750004) [81]
(174.58263338750004, 174.68537313750005) [57]
(174.58263338750004, 175.36485551250004) [85]
(174.68537313750005, 174.78811288750003) [64]
(174.78811288750003, 174.89156113750005) [61]
(174.89156113750005, 174.99500938750003) [64]
(174.99500938750003, 175.09917613750002) [57]
(175.09917613750002, 175.20334288750004) [64]
(175.20334288750004, 175.31203863750005) [61]
(175.31203863750005, 175.41767238750006) [64]
(175.36485551250004, 175.39126395000005) [76]
(175.39126395000005, 175.41767238750006) [81]
(175.41767238750006, 175.52041213750007) [57]
(175.41767238750006, 176.25271138750009) [85]
(175.52041213750007, 175.62315188750006) [64]
(175.62315188750006, 175.72660013750007) [61]
(175.72660013750007, 175.83004838750006) [64]
(175.83004838750006, 175.93421513750005) [57]
(175.93421513750005, 176.03838188750007) [64]
(176.03838188750007, 176.14707763750008) [61]
(176.14707763750008, 176.25271138750009) [64]
(176.25271138750009, 176.3554511375001) [57, 86]
(176.3554511375001, 176.45819088750008) [64, 85]
(176.45819088750008, 176.50991501250007) [83]
(176.45819088750008, 176.5616391375001) [61]
(176.5616391375001, 176.6133632625001) [85]
(176.5616391375001, 176.66508738750008) [64]
(176.66508738750008, 176.76925413750007) [57, 86]
(176.76925413750007, 176.8734208875001) [64, 85]
(176.8734208875001, 176.92776876250008) [83]
(176.8734208875001, 176.9821166375001) [61]
(176.9821166375001, 177.0402561375001) [85]
(176.9821166375001, 177.0983956375001) [64]
(177.0983956375001, 177.2011353875001) [57]
(177.0983956375001, 177.9334346375001) [86]
(177.2011353875001, 177.30387513750009) [66]
(177.30387513750009, 177.4073233875001) [62]
(177.4073233875001, 177.51077163750008) [66]
(177.51077163750008, 177.61493838750008) [57]
(177.61493838750008, 177.7191051375001) [66]
(177.7191051375001, 177.8278008875001) [62]
(177.8278008875001, 177.9334346375001) [66]
(177.9070262000001, 177.9334346375001) [86]
(177.9334346375001, 177.9862515125001) [85]
(177.9334346375001, 178.0390683875001) [57]
(178.0390683875001, 178.1447021375001) [64]
(178.1182937000001, 178.1447021375001) [86]
(178.1447021375001, 178.1964262625001) [85]
(178.1447021375001, 178.24815038750012) [61]
(178.24815038750012, 178.3515986375001) [64]
(178.3257365750001, 178.3515986375001) [86]
(178.3515986375001, 178.4036820125001) [85]
(178.3515986375001, 178.4557653875001) [57]
(178.4557653875001, 178.5599321375001) [64]
(178.53389045000011, 178.5599321375001) [86]
(178.5599321375001, 178.6142800125001) [85]
(178.5599321375001, 178.66862788750012) [61]
(178.66862788750012, 178.77426163750013) [64]
(178.77426163750013, 178.87700138750014) [52]
(178.77426163750013, 179.50366688750015) [83]
(178.87700138750014, 178.97974113750013) [64]
(178.97974113750013, 179.08318938750014) [59]
(179.08318938750014, 179.18663763750013) [64]
(179.18663763750013, 179.29080438750012) [52]
(179.29080438750012, 179.39497113750014) [64]
(179.39497113750014, 179.50366688750015) [59]
(179.50366688750015, 179.57509551250016) [64]
(179.50366688750015, 179.61080982500013) [88]
(179.57509551250016, 179.5989050541668) [45]
(179.5989050541668, 179.6227145958335) [49]
(179.61080982500013, 180.05890013750013) [73]
(179.6227145958335, 179.64652413750014) [52]
(179.6227145958335, 180.05890013750013) [76]
(179.6346193666668, 180.05890013750013) [81]
(179.64652413750014, 179.74926388750015) [57]
(179.64652413750014, 180.48156313750016) [85]
(179.85200363750013, 179.95545188750015) [57]
(180.05890013750013, 180.16306688750012) [57]
(180.26723363750014, 180.37592938750015) [57]
(180.37592938750015, 180.41114063750015) [45]
(180.41114063750015, 180.44635188750016) [49]
(180.44635188750016, 180.48156313750016) [52]
(180.45515470000015, 180.89393913750015) [73]
(180.46395751250014, 180.89393913750015) [76]
(180.47276032500014, 180.89393913750015) [81]
(180.48156313750016, 180.58430288750017) [57]
(180.48156313750016, 181.31660213750018) [85]
(180.68704263750016, 180.79049088750017) [57]
(180.89393913750015, 180.99810588750015) [57]
(181.10227263750016, 181.21096838750017) [57]
(181.21096838750017, 181.24617963750018) [45]
(181.24617963750018, 181.28139088750018) [49]
(181.28139088750018, 181.31660213750018) [52]
(181.31660213750018, 181.4193418875002) [57, 86]
(181.4193418875002, 181.52208163750018) [85]
(181.52208163750018, 181.57380576250017) [83]
(181.52208163750018, 181.6255298875002) [57]
(181.6255298875002, 181.67725401250019) [85]
(181.72897813750018, 181.83314488750017) [57, 86]
(181.83314488750017, 181.9373116375002) [85]
(181.9373116375002, 181.99165951250018) [83]
(181.9373116375002, 182.0460073875002) [57]
(182.0460073875002, 182.08476705416686) [38]
(182.0460073875002, 182.1041468875002) [85]
(182.08476705416686, 182.12352672083352) [42]
(182.12352672083352, 182.1622863875002) [45]
(182.1622863875002, 182.2650261375002) [50]
(182.1622863875002, 182.9973253875002) [86, 78, 81]
(182.36776588750018, 182.4712141375002) [50]
(182.57466238750018, 182.67882913750017) [50]
(182.77691949375017, 182.88535105208354) [50]
(182.8916916375002, 182.9269028875002) [45]
(182.9269028875002, 182.9621141375002) [49]
(182.9621141375002, 182.9973253875002) [52]
(182.9709169500002, 182.9973253875002) [86]
(182.9973253875002, 183.1029591375002) [57]
(182.9973253875002, 183.83815238750023) [85, 76, 81]
(183.2085928875002, 183.31204113750022) [57]
(183.4154893875002, 183.5196561375002) [57]
(183.6238228875002, 183.73251863750022) [57]
(183.73251863750022, 183.76772988750022) [40]
(183.76772988750022, 183.80294113750023) [44]
(183.80294113750023, 183.83815238750023) [47]
(183.81174395000022, 183.83815238750023) [85]
(183.83815238750023, 183.88952226250024) [52, 76, 80, 83]
(184.01794695000024, 184.04363188750023) [85]
(184.04363188750023, 184.09535601250022) [52, 76, 80, 83]
(184.22466632500021, 184.25052838750022) [85]
(184.25052838750022, 184.30261176250022) [52, 76, 80, 83]
(184.43282020000024, 184.45886188750023) [85]
(184.45886188750023, 184.51320976250022) [52, 76, 80, 83]
(184.56755763750024, 184.60276888750025) [45]
(184.60276888750025, 184.63798013750025) [49]
(184.63798013750025, 184.67319138750025) [52]
(184.67319138750025, 184.77882513750023) [57]
(184.67319138750025, 185.30699388750025) [76, 69, 73, 81]
(184.88445888750024, 184.99009263750025) [57]
(185.09572638750024, 185.20136013750025) [57]
(185.30699388750025, 185.36468613750026) [85, 73]
(185.30699388750025, 185.42237838750026) [57]
(185.42237838750026, 185.46083988750024) [45]
(185.46083988750024, 185.49930138750025) [49]
(185.49930138750025, 185.53776288750026) [52]
(185.53776288750026, 185.64339663750027) [57]
(185.53776288750026, 186.17156538750027) [81, 69]
(185.74903038750026, 185.85466413750027) [57]
(185.96029788750027, 186.06593163750026) [57]
(186.17156538750027, 186.23015913750027) [85, 73]
(186.17156538750027, 186.28875288750027) [57]
(186.28875288750027, 186.32781538750027) [45]
(186.32781538750027, 186.36687788750027) [49]
(186.36687788750027, 186.40594038750027) [52]
(186.40594038750027, 186.51157413750028) [57]
(186.40594038750027, 187.03974288750027) [81, 69]
(186.61720788750026, 186.72284163750027) [57]
(186.82847538750028, 186.93410913750026) [57]
(187.03974288750027, 187.09699476250026) [85, 73]
(187.03974288750027, 187.15424663750028) [57]
(187.15424663750028, 187.19241455416693) [45]
(187.19241455416693, 187.2305824708336) [49]
(187.2305824708336, 187.26875038750026) [52]
(187.26875038750026, 187.37513338750026) [57, 81, 69]
(187.48151638750025, 187.58568313750024) [57, 85, 73]
(187.58568313750024, 187.62040538750026) [45]
(187.62040538750026, 187.65512763750024) [49]
(187.65512763750024, 187.68984988750026) [52]
(187.68984988750026, 187.79401663750025) [57, 81, 69]
(187.89818338750024, 188.01012363750024) [57, 85, 73]
(188.12206388750025, 188.58007888750024) [45, 81, 69]
(188.58007888750024, 189.08007888750024) [57, 76, 69, 73, 81]
(189.08007888750024, 189.58007888750024) [57, 69, 45, 73, 76, 81, 49, 52]
